610
610
612
617
619
619
621
624
624
620
625
628
631
632
632
632
627
625
622
618
617
620
625
625
384
888
625
617
614
421
810
606
601
596
594
596
600
608
616
621
619
618
615
611
613
621
625
625
626
627
626
622
362
891
615
607
602
606
600
601
607
620
624
635
633
625
620
622
625
625
624
625
635
637
643
647
648
645
648
650
650
651
663
669
673
666
665
654
651
644
636
634
627
625
637
646
655
655
666
662
665
660
667
666
667
677
672
676
672
681
682
374
986
662
651
647
404
894
634
631
631
638
650
658
663
662
669
686
676
674
667
657
646
646
642
638
636
642
646
648
641
636
643
646
647
643
643
638
632
622
617
625
636
644
647
659
659
659
651
653
656
662
658
653
650
658
660
662
664
666
671
674
680
672
674
675
680
676
673
678
671
661
668
669
669
669
664
654
651
643
646
641
647
648
640
640
645
647
648
644
645
652
657
660
661
664
474
882
663
665
664
662
659
653
652
659
666
669
673
449
912
663
665
662
665
663
664
662
670
677
676
678
678
684
684
677
673
671
668
662
663
667
670
665
659
665
667
667
666
666
671
674
673
668
676
686
681
671
669
665
660
665
668
671
670
669
668
663
660
657
410
913
649
650
645
653
656
660
655
661
668
674
670
671
677
675
669
672
500
851
653
651
653
652
654
655
660
660
665
662
661
666
666
663
659
655
664
671
671
665
658
652
651
647
639
637
643
652
652
657
663
666
671
669
667
672
676
675
668
666
665
666
663
657
660
663
664
660
661
669
671
668
669
675
684
688
689
686
683
678
666
663
664
669
660
655
661
665
667
673
673
681
672
670
665
658
669
673
667
665
663
665
656
658
653
646
642
648
645
636
636
634
629
631
637
642
644
638
632
365
924
635
631
630
627
627
629
624
618
471
754
615
622
624
630
637
644
648
647
657
658
658
653
654
655
655
647
650
655
662
671
666
672
669
676
674
666
667
668
669
665
651
648
651
657
653
376
956
655
655
655
658
670
668
662
661
650
645
635
633
638
641
404
903
641
637
644
643
643
650
655
658
657
382
940
654
652
645
643
645
653
649
649
655
658
656
657
660
664
665
665
663
670
668
660
650
651
650
652
655
657
654
658
654
652
664
666
672
670
669
671
670
663
666
667
670
665
662
580
649
645
648
643
637
634
638
637
640
647
651
652
658
658
656
658
661
665
664
667
662
666
660
656
649
647
645
644
646
648
653
651
650
372
925
631
626
623
622
629
635
641
640
639
643
634
623
617
610
607
610
622
625
625
635
638
654
650
652
1715
638
643
645
650
651
652
658
659
656
655
666
667
673
670
669
679
682
678
675
680
392
975
659
652
650
650
648
648
655
658
652
650
650
659
660
663
664
664
668
668
670
666
670
674
672
666
656
657
656
445
877
642
644
644
651
652
654
668
666
671
669
666
684
686
682
676
662
657
657
651
655
660
660
657
668
674
672
668
673
663
664
665
669
673
679
684
687
690
680
677
685
686
687
686
686
683
671
670
673
680
676
675
682
682
680
682
686
689
684
690
693
691
683
676
681
415
958
663
665
662
661
662
672
678
686
680
677
683
682
682
676
683
688
683
682
680
680
680
674
670
671
666
1230
660
657
667
671
673
673
675
682
391
969
651
648
650
657
659
666
676
679
388
975
672
672
668
665
666
667
667
666
659
666
660
656
654
657
655
654
652
647
650
650
643
628
633
634
637
643
642
638
635
643
647
649
644
650
646
640
641
637
631
631
627
633
633
631
629
627
633
638
643
643
640
640
639
433
850
628
624
622
617
616
619
622
626
633
649
658
660
658
657
659
656
649
647
647
637
634
628
623
620
614
612
400
847
614
612
606
621
625
627
631
637
651
661
667
666
664
651
641
637
632
635
637
641
640
641
637
630
632
632
639
640
639
634
635
633
633
632
632
635
629
628
630
632
631
639
647
656
663
656
652
645
644
643
636
641
638
634
640
652
651
654
657
658
666
670
678
683
682
678
675
672
669
660
654
655
403
923
646
647
647
651
657
666
678
683
683
683
682
673
672
670
669
676
672
665
671
667
659