826
842
838
802
797
780
721
679
660
652
668
709
778
811
840
839
806
721
687
670
676
675
677
637
649
640
681
719
742
756
761
702
700
692
703
686
694
676
665
632
617
612
615
626
665
693
682
682
625
603
590
593
624
691
768
822
746
744
739
746
776
745
720
638
622
605
594
589
583
589
595
607
637
665
687
716
683
642
634
634
645
686
730
730
789
812
787
832
839
775
762
762
753
759
701
713
737
782
766
729
688
660
664
679
737
730
664
653
649
659
690
720
708
734
758
780
763
782
830
793
811
807
801
800
798
818
739
705
720
735
789
770
794
808
808
732
712
687
679
687
682
667
713
789
813
770
789
804
828
789
717
714
709
718
674
703
711
736
719
716
735
760
781
784
737
732
730
735
699
676
676
692
663
685
711
776
792
864
792
793
783
764
763
759
766
759
758
711
682
679
680
692
705
765
793
816
801
755
739
730
728
719
711
705
675
646
641
649
689
766
758
752
784
739
732
724
726
736
728
701
658
659
667
705
784
831
701
643
634
656
737
822
859
846
787
780
785
789
714
677
652
636
630
644
645
663
671
622
619
610
612
627
681
767
797
789
820
789
762
709
730
724
660
659
653
672
693
658
658
669
701
757
790
795
801
786
711
675
655
671
660
685
750
827
698
691
689
689
690
881
857
834
778
721
692
691
687
704
742
739
713
750
763
733
756
775
794
801
784
755
732
695
688
691
719
773
781
810
868
906
923
887
796
734
706
702
741
789
841
794
800
821
840
814
824
778
747
756
769
788
725
706
698
704
710
704
659
656
824
844
839
804
799
780
720
680
660
652
668
710
779
811
839
838
804
719
687
671
675
674
679
638
648
640
681
719
742
755
762
701
702
692
703
685
693
677
667
632
616
613
614
626
664
694
681
681
627
601
591
594
624
691
769
822
746
742
738
746
776
747
718
640
624
607
592
589
585
588
597
609
636
665
688
716
684
641
634
632
647
687
731
728
791
813
787
830
837
777
760
763
752
759
701
713
737
780
765
731
687
660
662
679
736
729
663
652
647
659
690
722
709
734
759
780
763
784
829
792
809
807
801
800
799
818
740
705
720
737
787
768
794
809
806
731
713
687
679
687
682
669
712
789
813
772
789
803
829
789
717
715
710
718
676
703
712
736
718
715
734
760
780
786
738
733
729
734
697
675
676
691
663
685
713
778
792
864
794
791
783
766
765
757
765
761
760
709
683
678
680
693
704
766
792
815
803
754
740
730
728
718
713
705
675
645
641
649
690
768
758
753
785
740
730
726
728
735
728
701
660
658
669
704
782
832
702
642
634
654
735
821
860
844
787
778
783
791
714
676
653
637
628
646
646
663
671
624
618
610
612
627
679
768
796
789
820
791
763
710
732
726
662
660
651
670
693
657
658
667
701
757
789
797
801
785
710
674
657
670
660
687
750
827
697
691
689
691
692
882
856
835
776
721
692
692
688
703
742
739
714
748
762
733
755
775
792
801
783
755
730
695
687
691
719
773
783
810
870
906
923
887
794
733
708
701
741
788
840
793
801
823
841
816
824
778
749
756
769
787
724
707
699
705
709
704
658
656





















