826
842
838
802
797
780
721
679
660
652
668
709
778
811
840
839
806
721
687
670
676
675
677
637
649
640
681
719
742
756
761
702
700
692
703
686
694
676
665
632
617
612
615
626
665
693
682
682
625
603
590
593
624
691
768
822
746
744
739
746
776
745
720
638
622
605
594
589
583
589
595
607
637
665
687
716
683
642
634
634
645
686
730
730
789
812
787
832
839
775
762
762
753
759
701
713
737
782
766
729
688
660
664
679
737
730
664
653
649
659
690
720
708
734
758
780
763
782
830
793
811
807
801
800
798
818
739
705
720
735
789
770
794
808
808
732
712
687
679
687
682
667
713
789
813
770
789
804
828
789
717
714
709
718
674
703
711
736
719
716
735
760
781
784
737
732
730
735
699
676
676
692
663
685
711
776
792
864
792
793
783
764
763
759
766
759
758
711
682
679
680
692
705
765
793
816
801
755
739
730
728
719
711
705
675
646
641
649
689
766
758
752
784
739
732
724
726
736
728
701
658
659
667
705
784
831
701
643
634
656
737
822
859
846
787
780
785
789
714
677
652
636
630
644
645
663
671
622
619
610
612
627
681
767
797
789
820
789
762
709
730
724
660
659
653
672
693
658
658
669
701
757
790
795
801
786
711
675
655
671
660
685
750
827
698
691
689
689
690
881
857
834
778
721
692
691
687
704
742
739
713
750
763
733
756
775
794
801
784
755
732
695
688
691
719
773
781
810
868
906
923
887
796
734
706
702
741
789
841
794
800
821
840
814
824
778
747
756
769
788
725
706
698
704
710
704
659
656
