780
756
2514
761
816
848
873
885
791
782
770
806
855
887
793
765
775
1952
762
735
705
712
739
792
806
812
762
770
786
803
786
762
742
734
739
741
750
740
752
762
762
761
739
712
691
680
686
678
687
687
711
721
767
751
740
763
793
785
758
737
714
690
674
651
659
693
779
821
746
748
757
773
776
756
735
714
692
673
657
647
655
633
667
723
861
860
778
712
684
687
743
768
797
755
742
749
751
774
785
797
779
762
744
737
737
729
699
716
751
795
784
776
749
721
713
712
713
753
738
731
795
876
900
867
855
801
781
762
765
792
828
831
860
877
877
845
797
791
811
812
814
848
859
788
782
784
791
800
826
791
796
795
791
762
763
766
796
764
723
725
740
742
748
739
742
725
742
763
803
796
790
802
791
709
701
722
726
742
748
774
789
796
806
802
764
790
840
847
850
813
771
752
741
740
712
715
741
817
837
834
816
801
783
780
765
777
797
833
828
810
838
848
852
832
792
775
741
731
729
737
793
805
791
821
780
780
794
810
805
805
771
744
694
672
682
738
835
861
868
830
821
757
712
717
750
759
783
804
809
784
763
748
725
709
717
728
746
777
820
859
836
828
842
821
830
820
792
777
770
767
760
759
757
744
743
755
775
774
790
811
757
750
769
813
856
858
838
752
750
762
773
782
789
813
837
796
822
835
843
844
809
812
825
820
831
833
793
804
822
831
801
767
770
807
820
812
791
764
724
714
730
767
824
795
791
788
758
767
802
789
753
799
830
820
785
762
755
741
747
772
785
777
787
802
841
832
851
877
821
814
811
849
852
2414
811
794
791
778
807
827
856
812
788
762
770
794
817
838
801
802
809
812
809
842
875
832
848
867
831
838
858
814
818
836
838
807
791
820
835
821
824
853
875
834
846
866
846
841
844
838
789
808
838
904
1483
830
781
764
795
829
840
773
780
758
758
765
774
768
760
761
759
769
797
807
809
769
750
716
695
689
717
722
766
776
779
813
850
827
778
771
765
731
736
737
754
761
757
760
745
722
745
781
820
826
816
819
806
768
760
795
800
788
792
755
706
709
751
793
823
831
826
791
796
815
832
785
811
806
816
806
743
725
729
748
751
755
749
748
746
740
729
727
728
737
704
706
729
785
840
834
811
770
733
690
671
668
658
656
670
696
747
798
785
816
837
822
804
772
736
713
719
723
717
723
709
688
695
705
717
716
692
705
723
748
750
715
690
691
691
705
714
727
728
708
731
749
766
763
719
733
749
746
697
680
681
682
681
699
719
735
741
749
751
762
735
755
777
793
765
757
788
802
789
753
710
684
680
686
699
692
727
756
796
812
805
790
771
786
804
825
836
839
832
765
777
783
798
790
814
816
795
785
782
795
815
810
834
834
779
780
786
779
770
727
702
725
764
790
787
825
894
874
891
810
729
686
687
729
817
870
835
858
872
928
924
935
887
839
848
855
860
854
880
851
820
811
807
808
816
838
835
837
833
842
836
822
858
881
866
784
738
767
835
888
867
840
855
883
859
1436
884
891
890
898
897
875
773
786
834
882
887
824
791
1923
798
800
802
781
758
735
731
727
707
731
780
831
859
860
876
930
914
847
864
854
836
834
866
862
852
870
875
811
800
821
854
866
864
896
890
857
858
830
851
852
859
876
824
780
791
809
802
779
751
721
699
704
711
733
748
768
703
682
692
722
764
796
780
784
799
798
747
735
732
737
746
747
742
719
706
685
694
708
755
774
773
714
744
793
842
819
806
765
745
708
687
700
724
738
766
704
727
791
770
760
768
787
796
811
817
3999
3999
3999
2866
763
773
773
781
813
833
832
817
836
767
763
772
765
747
756
738
730
707
705
716
723
731
716
688
695
711
729
752
744
749
754
737
709
671
682
701
743
781
791
732
747
754
761
750
713
689
683
699
716
726
770
802