745
743
742
741
745
741
745
725
720
721
718
706
711
725
739
750
759
756
743
728
689
680
722
757
750
745
758
768
777
746
732
723
719
728
706
717
740
762
762
749
753
741
712
714
732
738
732
712
703
676
663
660
670
691
695
703
704
697
672
679
709
704
665
646
671
718
778
779
778
744
699
732
726
750
693
690
687
717
736
749
712
698
707
720
737
731
725
790
808
807
743
751
798
831
827
817
746
696
660
686
726
750
759
783
785
799
801
805
820
760
752
754
779
800
806
768
750
750
773
799
826
785
776
787
787
790
796
805
795
801
807
816
824
822
835
833
825
808
805
809
799
797
795
791
777
735
696
684
681
703
725
750
766
749
733
719
701
701
722
751
780
746
750
770
809
812
791
785
782
781
775
787
821
828
849
854
851
838
831
829
804
791
817
831
828
823
813
797
798
798
825
836
829
838
847
818
819
838
858
835
806
849
871
864
849
890
1425
883
871
799
743
701
689
758
833
870
883
878
881
859
850
826
777
802
832
854
831
861
879
863
824
842
842
851
851
860
897
901
895
882
833
761
809
846
883
851
805
833
856
865
868
857
835
859
874
867
854
851
841
844
857
866
853
833
868
853
831
785
796
804
831
854
861
850
828
847
866
805
784
842
875
877
875
866
845
826
831
857
865
847
836
846
837
825
843
833
859
835
804
792
799
819
827
782
748
769
804
831
827
820
807
800
827
871
900
906
878
859
877
889
899
876
856
826
844
872
903
903
914
881
824
790
775
775
791
825
863
863
854
854
854
852
849
827
868
884
883
894
866
843
825
848
858
878
878
877
884
866
859
850
812
818
841
864
867
885
838
780
758
724
689
674
693
729
746
747
744
759
764
750
767
809
835
827
786
848
882
877
849
865
863
855
848
893
931
906
910
923
884
916
916
907
875
864
867
869
851
865
865
827
850
904
847
924
951
975
990
1009
961
916
896
902
913
923
938
924
901
890
886
876
827
741
719
739
799
860
821
791
821
840
857
857
810
808
814
805
813
801
776
751
751
753
757
775
784
800
798
797
765
783
816
841
841
833
836
831
826
850
878
887
843
837
826
805
801
822
843
868
855
836
796
800
809
815
823
832
817
806
800
786
767
777
798
770
773
826
839
861
837
786
781
772
782
797
813
838
863
868
855
832
827
822
845
833
768
791
761
712
711
758
803
843
860
839
826
822
810
760
775
815
861
861
805
785
777
750
789
817
846
866
832
844
847
860
856
871
858
841
867
870
864
896
897
860
817
841
859
857
861
862
877
855
863
869
835
820
812
824
820
788
801
795
806
821
817
840
842
825
820
813
794
790
795
814
802
827
844
816
808
806
821
843
841
842
844
829
823
792
778
762
776
791
807
834
833
812
803
805
806
804
804
818
769
719
707
719
741
758
759
760
750
741
705
685
689
725
734
789
865
888
845
857
891
828
787
802
814
836
811
797
782
762
763
783
810
815
810
787
757
766
772
769
760
761
775
793
809
823
819
817
801
789
778
788
803
813
814
813
788
756
786
812
852
825
801
733
707
686
743
804
884
815
761
769
797
834
835
853
828
831
824
815
787
779
791
809
807
797
777
734
735
750
759
755
768
797
808
826
802
764
739
731
741
754
779
781
767
769
769
739
705
695
704
678
658
697
744
746
736
731
716
710
695
676
686
708
708
706
684
706
736
756
742
740
745
752
760
780
813
831
830
806
750