105
612
613
610
650
771
838
822
838
753
696
640
598
601
621
690
802
773
672
687
725
728
670
643
666
800
739
659
605
577
570
598
593
617
804
666
636
653
813
893
2189
618
628
716
717
691
636
646
644
631
626
653
687
751
773
727
714
665
608
585
573
578
688
854
834
743
674
655
689
709
742
727
661
614
601
612
712
805
766
757
742
679
692
748
773
777
771
749
762
794
771
689
646
674
789
758
685
668
736
806
776
739
750
734
731
708
680
713
767
799
759
699
653
621
606
657
782
754
685
1905
635
646
653
668
631
610
603
623
694
763
494
665
658
662
666
627
606
610
662
779
728
704
676
692
718
735
663
635
618
623
644
736
814
774
779
682
682
691
716
663
626
604
615
687
834
756
724
749
745
758
751
754
699
653
638
667
748
839
835
801
742
679
658
667
710
705
683
754
827
823
757
698
689
689
720
717
699
670
648
671
731
766
773
774
719
665
641
650
706
773
791
755
729
683
635
614
656
709
787
756
724
673
664
693
713
677
645
622
610
606
627
712
841
823
753
698
2358
710
666
640
634
643
696
781
729
676
641
640
661
692
709
670
647
626
641
696
755
785
718
695
1278
693
680
670
720
744
654
641
638
656
716
786
787
796
760
687
690
739
758
720
753
786
742
720
685
677
750
853
808
792
799
809
785
769
701
665
665
694
817
822
790
801
821
767
712
649
636
660
722
804
822
791
739
770
784
777
723
674
668
671
718
750
725
789
772
756
722
715
715
698
668
697
745
746
738
765
768
780
708
651
657
660
673
720
671
654
679
727
775
797
759
704
721
760
750
748
723
685
718
707
675
639
638
705
748
695
668
708
703
695
672
642
646
670
712
670
653
649
673
711
749
733
709
696
652
623
615
632
686
708
650
672
700
724
675
657
655
657
670
687
657
633
622
643
687
780
764
712
657
658
660
649
649
699
777
804
829
747
737
693
660
644
642
666
700
725
670
673
707
763
762
733
686
642
634
642
704
743
670
643
641
640
703
733
694
663
709
716
755
671
648
615
592
599
625
709
722
700
712
750
756
684
650
628
665
699
719
687
641
611
619
667
790
755
683
637
620
635
694
724
664
633
609
614
648
672
697
655
622
3999
3999
745
649
677
657
637
623
598
581
566
577
604
668
636
593
585
570
565
570
623
764
793
680
630
631
640
658
1247
703
662
647
612
610
658
791
809
717
711
693
672
650
629
633
670
765
754
735
704
683
657
675
706
665
704
742
760
774
786
750
720
690
663
632
666
702
737
675
669
673
730
764
690
651
626
649
681
694
665
650
685
802
776
791
733
662
627
612
664
842
843
754
704
710
770
791
768
738
685
656
687
796
850
879
792
743
731
775
746
691
658
649
670
646
659
688
734
745
708
708
742
744
686
664
691
704
709
708
645
616
599
626
684
857
792
748
671
629
629
625
672
747
703
655
643
693
787
831
751
708
701
694
708
674
657
625
627
664
724
764
769
742
670
668
708
759
697
647
653
631
614
613
627
649
688
643
623
630
685
672
641
654
659
660
685
689
668
642
620
617
610
618
663
780
781
750
726
718
708
701
658
624
599
589
597
664
858
753
727
773
854
805
742
685
658
671
712
731
663
639
618
622
682
783
731
680
650
652
666
680
719
661
645
654
669
660
634
620
597
599
624
656
678
642
627
633
654
682
705
670
636
641
633
625
620
605
599
588
593
610
594
638
798
675
640
624
625
639
668
647
616
599
590
597
617
697
670
637
618
651
707
729
663
642
633
645
680
689
654
633
643
665
681
725
677
627
610
608
597
595
624
664
758
736
663
650
669
663
679
701
670
702
685
665
684
647
621
609
610
644
862
864
836
733
663
625
626
614
613
621
616
603
589
599
672
716
704
670
699
749
756
713
644
615
608
598
636
657
660
625
625
632
693
791
760
695
