688
681
703
716
708
696
707
719
707
713
711
707
715
707
701
716
716
709
731
728
720
739
729
731
742
727
744
732
740
745
743
759
747
763
746
756
758
748
761
749
764
774
751
766
755
747
758
746
759
749
752
756
744
755
749
749
753
742
757
759
753
766
753
768
759
764
782
762
787
802
793
806
796
818
791
817
784
798
791
775
779
755
767
754
763
770
754
767
752
768
773
770
788
776
784
775
791
786
809
800
803
779
782
765
775
788
782
802
782
788
776
785
788
785
809
808
822
808
822
803
817
794
800
782
802
791
793
793
792
810
799
825
805
802
809
799
812
811
818
793
823
798
798
815
795
822
816
812
813
804
823
797
814
794
795
802
779
795
796
802
811
801
825
815
834
805
821
801
821
792
799
809
788
818
810
796
800
822
808
811
825
787
796
785
771
787
795
796
794
804
805
790
792
781
794
781
795
777
784
783
778
766
767
766
770
757
769
759
775
780
768
793
791
789
795
786
778
771
766
778
780
778
759
757
759
774
756
772
763
769
783
769
788
790
783
806
801
815
803
810
792
795
815
797
818
830
814
833
811
839
827
821
828
805
831
803
815
811
815
824
811
839
827
827
822
811
820
808
834
815
836
820
808
833
813
825
829
814
833
825
828
843
817
850
823
842
822
834
834
818
833
808
829
809
827
834
818
838
808
833
806
801
813
812
799
819
803
807
800
787
795
782
789
785
771
780
770
784
791
792
1655
820
798
803
805
789
811
816
809
818
797
803
791
784
786
772
782
771
783
779
778
791
784
793
782
782
789
771
779
771
762
779
768
766
785
779
767
775
763
769
783
767
774
767
758
769
776
782
807
809
796
818
791
810
792
815
804
791
812
804
791
809
799
788
809
816
798
818
806
791
812
808
794
809
796
804
819
802
819
822
812
838
819
804
819
805
792
810
816
800
815
801
806
823
805
813
811
793
805
805
804
824
820
834
825
818
825
813
824
826
805
813
830
816
823
804
809
814
797
802
793
794
807
791
812
809
794
813
808
804
821
810
814
820
798
811
811
795
811
813
821
833
811
828
823
814
843
824
831
839
815
824
817
792
813
820
799
822
817
797
814
803
799
813
804
802
809
789
811
797
793
814
806
801
811
794
812
804
800
820
813
802
821
802
813
828
797
820
1627
788
792
791
780
794
2698
808
794
811
3999
701
792
813
815
811
827
839
812
823
815
784
797
795
783
801
807
797
815
794
791
795
779
795
786
784
798
786
792
782
777
785
770
780
781
765
3902
772
784
762
767
1222
767
765
3999
258
767
755
763
2107
768
777
766
775
779
1219
756
761
750
764
760
755
769
766
763
776
769
768
781
767
774
776
770
791
803
792
803
791
786
1219
811
808
3373
797
800
431
789
2983
799
784
3999
2718
808
793
784
794
781
777
789
774
784
796
788
815
3207
788
2365
806
791
791
797
773
775
768
759
775
775
784
798
792
809
794
798
786
791
784
791
803
791
812
805
812
815
804
818
799
807
805
796
808
801
817
809
804
810
794
800
804
1217
791
809
796
802
808
1250
775
792
784
781
804
791
795
791
777
783
772
767
786
1699
790
791
801
780
784
787
777
788
787
783
794
782
792
796
773
783
772
774
796
783
791
800
775
776
778
764
1896
796
1696
764
772
760
756
773
769
780
794
3999
1019
773
770
756
760
751
748
758
776
767