3290
756
758
745
752
744
741
765
779
761
757
778
774
755
2947
805
789
780
806
803
767
772
776
776
804
812
785
833
840
807
846
828
788
814
815
781
791
810
804
802
821
801
818
825
796
791
805
795
785
796
791
767
795
801
786
804
812
803
812
822
791
808
802
777
797
795
791
818
809
826
819
789
807
830
826
844
857
837
833
843
815
815
815
788
782
824
837
843
1403
850
807
807
813
796
813
811
803
791
824
819
802
808
804
773
798
814
790
826
848
819
844
831
807
819
805
800
797
792
815
830
846
871
3999
3671
858
875
870
827
844
832
796
836
833
821
3383
836
798
2492
823
879
900
887
914
899
859
880
871
836
841
849
838
886
888
3999
397
736
732
731
743
787
811
812
878
871
838
910
908
835
1871
838
898
876
828
877
862
796
822
851
840
813
848
872
833
851
2385
815
843
853
811
820
847
833
825
864
863
3804
829
820
1902
887
949
934
1933
862
882
872
3999
2658
852
880
916
869
858
870
849
801
830
827
796
831
839
1063
813
1902
839
3999
319
788
1902
811
820
2837
806
818
1964
825
803
3897
777
790
817
826
813
3999
1267
828
801
815
829
815
813
849
830
1964
807
767
777
815
836
880
897
882
896
877
844
837
808
813
838
825
835
850
817
822
835
831
813
834
840
805
830
819
789
801
821
827
804
830
859
843
836
854
841
828
839
866
853
875
844
829
807
779
789
806
791
795
787
801
810
785
1434
766
763
765
763
761
753
749
1434
736
739
2464
726
728
737
743
780
827
821
777
779
813
850
834
824
837
849
844
819
856
850
859
822
1440
856
851
924
947
881
872
889
879
865
855
819
815
850
878
860
836
867
888
879
823
809
819
828
798
789
833
887
908
892
851
843
850
854
832
822
858
892
887
2345
879
847
875
895
865
855
890
916
911
933
932
875
836
844
835
814
776
737
751
770
802
860
900
884
864
1878
834
1414
827
868
878
850
833
861
860
832
799
801
844
2327
851
819
806
841
866
842
817
828
855
856
841
812
820
848
859
833
800
827
843
836
811
825
850
850
818
791
795
849
923
918
881
884
907
894
850
841
883
916
873
814
806
833
871
927
916
908
945
921
873
872
900
919
915
860
843
855
865
873
890
868
866
860
872
851
858
3999
828
837
849
860
829
839
876
1873
804
801
787
802
811
791
807
823
810
791
814
830
801
778
797
813
819
797
767
757
750
750
740
763
3607
793
794
789
757
737
719
718
728
754
798
840
821
853
869
3339
820
815
829
807
826
846
816
834
845
815
825
857
842
814
821
840
815
847
862
859
896
879
828
826
822
819
831
858
848
876
897
1872
853
874
868
833
815
804
789
773
810
829
821
865
870
851
877
893
855
839
849
817
799
804
809
823
