610
606
611
619
3999
2124
636
2084
606
609
608
610
619
621
625
625
625
625
624
623
3999
1030
609
615
618
616
617
612
610
605
611
612
624
625
640
652
663
696
693
684
675
3999
326
650
672
676
682
680
674
666
658
657
652
656
659
664
672
669
671
671
3999
889
686
705
709
695
686
3905
648
655
685
703
703
719
714
3560
657
666
669
671
672
674
672
666
668
660
660
654
659
667
688
694
701
3999
2167
695
680
668
665
656
646
641
635
632
610
673
723
712
709
3999
265
699
703
695
686
680
668
661
659
654
1689
719
717
708
699
684
3999
1314
696
698
702
694
680
669
657
648
633
654
663
679
694
696
692
686
3999
343
708
734
722
709
683
669
651
646
640
636
626
625
627
632
631
632
634
642
3999
1431
683
671
2977
639
659
672
710
721
717
718
710
3999
1265
673
682
681
680
677
671
671
2559
731
733
730
710
699
683
675
2214
665
683
697
708
711
715
709
706
694
683
2343
645
653
677
693
718
737
734
3886
668
668
664
661
2671
696
694
687
673
664
655
3999
337
750
738
713
696
678
663
648
648
642
651
659
681
705
723
731
731
733
3999
340
649
663
658
663
657
658
2343
648
653
653
655
669
1437
700
688
679
662
3030
679
703
1906
683
675
1700
638
589
671
682
692
3999
3698
668
2347
648
651
654
1470
691
700
718
708
694
682
668
3999
328
688
689
701
694
687
670
658
2800
683
690
700
701
687
678
3999
212
660
662
677
678
687
688
687
680
669
662
650
650
647
659
664
670
670
665
3999
225
687
685
680
677
664
651
3327
697
680
671
661
3999
830
677
695
693
698
689
679
668