890
891
872
823
798
775
801
851
875
937
919
894
811
784
798
858
881
892
959
1034
963
924
823
802
812
832
803
753
755
789
878
921
871
852
860
850
833
788
785
802
838
837
862
885
831
867
871
834
804
815
842
818
871
949
980
898
792
797
916
1047
1017
1050
1069
1004
926
929
941
930
937
917
911
866
822
816
828
816
795
828
886
931
919
926
936
950
943
943
889
864
822
815
824
839
834
796
771
779
782
830
847
861
834
846
851
828
839
832
792
795
850
903
901
887
904
863
850
861
865
844
841
841
793
803
785
754
763
775
808
900
955
953
886
880
841
799
804
798
811
835
898
890
942
999
964
873
891
883
851
819
821
845
858
853
788
787
775
799
762
737
716
712
708
732
753
740
713
698
679
678
683
739
852
845
924
937
967
1014
1006
942
900
861
855
847
855
844
811
765
725
768
903
963
1060
1017
957
966
991
983
958
924
884
825
858
909
910
989
956
952
925
872
874
902
913
855
879
907
914
896
911
874
807
819
821
798
804
830
848
852
903
929
916
918
911
910
893
915
909
917
880
859
763
746
806
1115
855
852
953
1044
981
860
820
854
887
850
864
874
856
818
843
869
877
814
807
822
844
807
849
887
901
871
885
873
845
863
882
889
826
830
846
858
838
861
850
853
871
869
840
842
830
804
776
777
790
792
863
938
909
996
970
883
880
857
801
806
799
784
817
854
853
796
809
810
759
767
757
792
821
791
791
776
746
731
765
811
858
887
910
908
875
842
807
809
832
822
833
891
927
878
906
897
838
813
821
827
801
851
895
876
872
894
900
831
820
802
779
783
798
815
827
821
803
785
778
772
774
761
791
791
780
766
734
776
842
831
873
904
853
800
821
837
820
832
850
843
833
862
858
841
833
837
818
785
817
853
883
839
851
853
834
826
829
827
822
848
844
828
900
915
849
860
867
819
837
891
880
885
863
818
779
763
787
816
782
822
822
817
814
826
824
808
800
748
737
743
779
870
957
983
985
951
895
876
826
830
844
852
867
905
943
887
904
914
885
919
934
875
877
890
885
862
899
939
915
898
917
877
832
850
868
847
910
947
908
917
918
887
834
842
844
825
862
896
878
855
894
901
852
852
871
873
820
829
858
877
853
854
854
847
818
845
838
847
855
828
806
803
785
789
796
797
789
821
862
832
844
866
842
812
808
819
802
795
830
902
887
851
878
873
861
847
860
831
790
786
796
791
768
765
775
796
782
750
774
832
895
867
875
872
821
794
816
825
785
809
832
827
821
823
798
781
792
799
772
788
799
798
776
783
785
799
786
853
895
865
845
848
821
811
759
740
728
734
762
811
794
1712
830
865
863
811
804
795
794
799
807
803
806
816
787
781
783
775
787
845
905
854
895
956
938
919
919
874
826
814
789
833
881
932
900
873
882
875
814
821
827
851
835
871
1042
1032
1011
991
910
916
910
873
877
888
832
849
886
883
883
937
946
906
918
891
829
821
819
800
855
896
872
889
886
827
792
810
821
796
829
846
831
842
852
838
793
811
813
787
806
830
824
845
874
875
819
829
828
786
767
767
769
782
892
968
888
977
1010
966
905
896
848
802
820
816
804
776
783
778
754
740
749
745
729
721
