759
791
851
917
930
982
966
997
977
1005
1028
1028
1014
1055
1059
1041
1042
1063
1064
1098
1127
1092
1120
1124
1105
1126
1119
1123
1088
1094
1113
1099
1130
1136
1129
1147
1120
1133
1091
1104
1115
1134
1135
1110
1090
1083
1105
1036
1040
959
1012
1000
1034
1015
1047
1019
1050
1040
1049
1052
1080
1067
1070
1019
1032
1024
1045
1035
1025
1036
1046
1059
1056
1059
1040
1051
1045
1052
1069
1078
1062
1032
1069
1088
1063
1051
1026
1043
1090
1076
1036
1056
1032
1041
1035
997
1032
1032
1039
949
962
954
977
944
981
981
1003
954
951
890
971
982
1026
1038
1078
1069
1085
1080
1080
1077
1063
1090
1064
1075
1046
1079
1048
1082
1041
1036
1041
1043
1036
1010
1033
1040
1028
1281
1046
1041
1055
1059
1083
1842
1024
1038
1019
1029
1043
1053
1046
1002
1004
998
1007
1023
995
1013
989
1019
1020
1066
1061
1048
1060
1044
1031
1022
1013
1011
1009
998
1025
1021
1013
1029
1005
994
987
997
989
1027
1006
1034
1046
1029
1037
1009
1014
1748
972
1749
1002
1052
1020
1028
1039
1036
1035
1035
1051
1068
1048
1068
1025
1050
1037
1067
1053
1042
1027
1041
1042
1048
1070
1057
1045
1037
1062
1055
1049
1718
1052
1028
1057
1029
1062
1057
1027
1037
1018
1014
1041
1039
1001
1033
951
942
996
974
988
985
1004
1021
1006
1032
1011
1034
1054
1034
1066
1072
1053
1072
1094
1285
1079
3216
1055
3164
1062
1042
1059
1036
1069
1007
1052
1057
1044
1053
1041
1073
1078
1083
1088
1087
1092
1100
1095
1086
3482
1061
1054
1087
1076
1076
1279
1000
1280
976
2179
1048
995
1024
1763
1025
1019
1023
1022
1021
1016
1064
1057
1066
1051
1036
1021
1001
1031
1020
1059
1059
1021
1029
1041
1018
990
994
981
976
978
998
1014
1004
1044
1006
1045
1046
994
1022
979
999
977
981
983
1001
1011
1048
1025
1078
1051
1107
1068
1096
1077
1090
1085
1093
1118
1116
1117
1116
1095
1093
1094
1079
1092
1097
988
952
1003
992
1011
1011
2216
1035
1041
1037
1011
1018
991
1030
1046
988
1033
1051
2107
929
939
953
970
998
1020
1018
1043
1043
1059
1044
969
1002
1006
1006
1036
1043
1041
1003
1021
1009
969
1019
983
991
1052
1095
1084
1067
1071
1042
1059
1035
1057
1035
1052
1055
1052
1089
1075
1109
1086
1104
1081
1113
1057
1089
1063
1102
1082
1108
1094
1101
1094
1101
1087
1118
1134
1084
1105
1092
1122
1105
1147
1117
1128
1133
1149
1137
1102
1125
1124
1749
1108
1143
1094
1089
1096
1064
1110
1092
1105
1102
1077
1063
1046
1056
1029
1055
1028
1058
1044
1061
1057
1082
1081
1069
1058
1034
1023
1027
1005
988
1027
996
1038
997
3999
1766
1025
1049
3999
3999
3999
3999
1848
1009
3999
995
956
2183
1006
841
1015
