572
566
564
558
566
587
641
767
776
724
784
865
784
759
713
675
673
692
697
678
651
631
635
656
708
722
704
704
697
687
672
652
662
668
669
656
674
697
689
679
655
639
642
650
654
706
724
717
714
708
694
680
662
642
638
654
689
743
716
736
765
777
735
720
702
706
708
714
715
704
677
657
664
708
716
715
736
732
707
676
660
657
681
709
707
690
669
659
655
658
666
655
653
651
655
667
682
682
687
713
751
731
703
674
684
673
658
651
642
635
629
612
605
623
701
745
694
659
655
642
651
708
717
713
735
715
701
666
655
648
661
699
691
699
678
665
647
635
623
619
660
756
800
777
751
769
747
737
708
679
662
663
719
743
711
716
728
718
706
686
674
652
635
625
648
716
752
775
765
742
731
705
676
688
683
677
673
662
631
631
634
667
702
733
703
697
707
714
702
684
661
643
627
624
652
673
662
650
677
761
817
792
784
735
713
697
676
652
639
628
621
635
669
715
718
722
701
687
672
658
648
643
623
610
614
661
734
750
787
750
732
684
660
630
615
605
601
605
661
720
723
728
704
671
659
661
681
688
711
690
664
650
648
640
666
733
756
847
819
752
706
688
671
673
693
701
705
681
664
651
649
695
716
697
679
690
702
708
700
678
656
652
656
661
640
630
630
648
671
690
716
720
726
736
712
698
692
672
657
661
667
668
671
669
675
678
673
667
639
638
632
631
654
711
748
765
756
708
682
669
666
665
665
666
666
658
657
655
653
637
629
644
682
693
706
703
698
680
658
648
652
660
665
657
648
644
636
636
622
613
610
627
641
651
661
659
668
698
715
730
709
710
698
694
663
642
631
631
633
633
624
626
622
628
628
643
636
660
735
833
827
781
729
683
657
639
623
613
627
634
647
629
621
610
608
623
649
695
713
737
721
700
661
645
639
634
627
622
617
619
620
617
609
614
629
644
669
654
638
635
666
688
698
699
677
657
639
623
612
596
591
592
595
591
666
758
790
768
731
693
693
702
690
664
648
633
630
647
648
685
757
747
721
723
718
699
687
691
690
704
672
652
648
683
735
731
712
687
673
655
631
616
625
671
648
711
685
695
674
667
659
656
641
625
614
619
663
724
733
731
733
729
710
690
689
671
669
657
664
658
650
637
648
662
664
689
676
661
661
680
705
699
691
676
655
642
629
623
628
655
684
677
688
683
667
665
650
652
659
673
691
731
770
751
727
713
693
666
651
645
643
642
631
625
621
613
614
612
608
613
684
750
793
769
740
712
679
662
654
655
647
642
635
625
619
613
613
601
598
594
651
712
744
758
742
710
671
650
638
630
631
647
663
652
627
622
625
619
621
648
665
681
679
680
724
712
689
695
698
694
682
665
645
629
616
606
603
621
656
672
673
653
642
638
643
658
651
641
633
625
623
618
623
641
666
682
693
679
647
654
695
689
673
653
640
626
616
609
606
635
697
751
736
723
698
670
652
635
625
619
622
626
615
620
672
716
729
688
677
666
651
641
631
622
615
609
600
597
590
592
595
604
611
640
675
666
655
644
637
641
643
640
640
631
640
642
631
621
626
627
621
613
627
660
680
684
663
646
630
621
625
631
630
640
660
670
677
669
656
643
631
625
618
614
605
600
597
644
703
738
756
778
752
741
698
667
644
621
608
595
586
605
669
697
697
677
675
710
693
683
698
682
660
652
646
626
618
615
618
626
622
636
619
620
663
663
686
676
655
654
651
651
661
637
631
632
635
647
677
669
654
660
664
652
634
621
614
626
666
707
709
687
650
627
612
609
656
797
760
794
784
763
711
673
657
650
653
644
654
651
656
644
643
691
700
711
695
688
664
648
625
611
611
602
616
699
833
753
836
810
763
765
749
746
712
673
653
641
635
638
653
641
636
666
706
715
712
671
648
640
645
674
692
689
687
666
662
660
659
631
618
623
649
661
693
715
730
709
672
652
631
620
621
638
642
649
627
613
650
743
753
723
711
691
666
647
637
630
644
649
655
642
646
628
622
637
668
660
640
637
662
681
677