772
735
726
710
724
754
832
916
845
791
759
857
919
1005
1035
986
940
870
835
839
919
960
954
883
829
848
881
930
994
918
854
926
943
930
921
850
850
884
916
907
910
854
905
941
973
982
907
864
892
914
961
951
953
894
855
900
933
930
909
875
856
797
819
820
877
907
828
864
853
857
776
756
776
779
824
836
837
833
909
976
982
881
883
842
813
805
823
904
900
875
780
762
828
875
922
993
912
886
967
978
958
858
795
833
855
913
910
794
754
741
748
735
717
718
768
963
842
910
980
982
900
833
906
948
954
919
926
888
846
898
962
1029
1004
912
928
924
923
892
967
1000
1016
1007
890
896
916
1040
973
932
990
1019
968
850
804
811
897
901
1054
1012
980
1031
1026
1016
966
880
827
871
843
820
783
793
791
762
766
767
778
754
737
733
749
756
790
807
789
764
751
730
753
793
871
916
976
894
939
908
880
844
919
931
951
931
894
838
805
797
926
991
1022
1127
1042
1073
1037
982
860
876
875
878
808
789
856
818
805
771
750
773
802
851
853
881
858
860
835
876
903
929
891
850
868
869
874
836
792
798
813
820
843
878
852
840
776
796
948
983
953
891
859
811
847
875
856
898
868
886
820
786
759
764
837
915
840
834
901
923
937
921
879
836
853
915
971
937
905
917
912
899
845
800
806
829
835
870
885
871
800
777
831
970
1132
1086
993
934
922
931
842
792
743
730
757
803
822
810
834
805
867
1003
1136
1067
1080
1019
943
875
840
798
803
797
812
846
897
877
898
922
929
941
821
783
865
879
951
921
846
833
781
804
821
762
758
787
860
949
957
994
995
881
803
757
760
875
974
996
955
878
817
750
763
770
899
911
962
922
844
849
847
877
852
848
851
830
791
800
836
862
820
820
872
920
879
855
845
909
916
927
957
939
915
845
832
844
836
831
848
881
875
884
891
937
938
891
818
816
848
883
910
908
944
890
848
838
849
821
851
874
889
905
906
863
837
873
926
948
1007
1051
1046
1008
969
936
938
952
953
882
852
831
824
850
892
875
834
800
751
768
808
903
922
1008
966
940
916
899
866
787
736
768
772
844
872
851
835
836
883
959
955
879
862
896
883
856
873
880
895
844
857
853
896
875
814
882
903
945
845
829
878
988
996
956
841
795
810
830
834
836
822
800
869
854
795
761
794
855
869
906
838
873
880
882
840
791
765
765
744
763
799
850
915
944
984
976
945
938
872
795
811
860
916
929
916
911
852
859
821
779
811
846
837
785
809
837
890
903
841
774
767
869
852
917
847
780
754
744
748
746
715
706
693
712
733
768
835
813
826
838
803
795
782
757
811
793
802
823
890
927
894
849
794
793
834
877
1036
997
916
850
892
882
833
806
802
751
728
708
703
736
824
1092
1126
1048
982
978
1005
960
929
922
936
919
917
927
893
917
942
910
889
849
845
857
918
857
935
956
969
981
940
912
912
833
779
804
837
892
887
1026
1085
1035
913
862
963
980
946
908
831
791
801
859
859
830
926
906
869
931
991
958
925
916
916
871
820
838
826
848
827
815
880
924
957
938
918
822
775
733
764
813
892
883
799
817
818
839
884
868
890
885
878
850
790
