703
708
701
687
677
671
665
665
670
687
719
740
763
753
737
724
708
697
690
680
676
679
693
716
727
735
729
724
712
714
703
695
688
681
679
678
680
683
696
706
723
730
731
733
721
708
696
685
672
665
657
653
657
674
677
690
704
708
713
711
709
705
694
680
676
663
658
650
646
642
646
652
655
657
1315
651
641
635
636
640
1305
678
696
709
712
708
704
693
683
671
667
657
652
649
644
645
648
666
673
682
690
698
697
690
682
669
662
650
643
637
635
630
638
650
656
671
674
672
670
663
656
646
632
624
618
609
607
604
604
604
612
616
621
627
635
634
636
636
632
628
625
624
620
613
614
609
606
611
615
620
629
632
636
638
640
636
630
629
621
615
608
603
599
598
600
605
609
625
632
642
642
643
640
633
630
627
621
618
612
608
602
598
597
598
601
603
608
610
619
625
630
632
632
634
637
632
626
627
624
623
625
628
633
584
663
665
666
662
654
650
644
635
627
622
617
618
631
649
661
679
686
691
693
408
798
671
651
637
628
617
607
606
606
609
616
626
633
639
647
649
646
645
639
631
625
616
610
609
610
620
624
642
657
666
670
672
669
663
659
653
645
639
637
634
634
641
654
665
677
689
690
683
678
666
656
647
638
630
629
640
651
670
686
699
694
694
681
669
658
648
635
627
618
612
608
607
605
607
614
622
625
630
637
638
638
632
631
625
621
615
613
609
608
607
613
621
635
648
654
661
660
655
646
638
631
623
619
615
616
398
753
637
627
625
622
619
630
649
693
719
742
738
733
727
716
703
687
671
650
638
625
615
607
600
595
591
591
592
598
609
619
624
642
654
411
774
658
643
636
626
617
613
611
611
612
622
638
653
666
680
685
682
670
663
650
645
391
758
636
625
621
613
609
614
625
640
675
696
696
699
703
693
682
671
656
647
637
627
619
612
605
602
603
602
612
619
629
638
654
681
693
688
688
682
669
660
389
751
637
623
620
613
608
608
609
380
725
614
609
405
717
605
597
598
595
601
620
654
677
699
718
717
709
699
685
670
657
645
639
626
621
614
612
608
605
603
603
603
380
707
601
593
591
406
697
593
586
589
409
724
608
606
621
633
648
674
703
708
702
691
675
663
650
640
628
621
615
605
599
595
593
591
593
594
598
606
618
628
641
393
762
648
638
626
623
616
610
605
605
604
605
607
617
615
615
620
622
621
628
627
624
624
625
625
630
629
634
634
641
646
648
647
648
643
641
635
626
619
610
606
606
607
616
629
649
667
673
678
672
665
653
642
633
622
614
607
600
595
588
590
596
614
631
649
659
665
666
657
382
760
638
624
611
606
596
591
588
586
585
585
587
592
602
615
624
630
634
640
644
638
636
630
625
623
619
625
625
614
612
608
602
598
596
598
590
592
592
593
598
598
606
611
617
623
626
634
634
634
633
627
625
621
613
611
605
604
604
613
624
636
652
664
665
665
661
656
647
638
632
625
624
624
620
619
619
621
630
650
668
684
685
676
670
663
654
644
635
625
615
610
604
400
712
602
595
593
590
587
592
595
602
617
627
631
636
631
625
618
610
603
597
593
591
589
589
588
596
607
617
625
641
641
638
637
630
622
614
607
598
593
590
588
594
612
631
640
649
659
661
655
648
640
627
622
615
608
600
598
594
592
598
604
611
627
637
649
651
651
641
637
628
622
611
604
597
592
594
602
606
623
636
638
643
645
641
636
629
623
616
610
604
608
615
628
641
651
657
657
655
651
643
637
628
619
615
606
602
600
600
606
609
610
617
622
624
623
622
618
615
610
607
603
607
620
630
643
654
661
666
660
652
642
633
623
619
612
606
605
602
599
602
613
622
2857
648
378
755
635
620
613
604
597
596
601
616
1040
690
689
681
673
663
650
639
630
616
610
601
595
594
595
599
612
627
632
644
642
635
635
627
621
614
606
598
593
389
698
589
583
580
576
1940
646
654
649
647
642
632
625
614
604
1686
574
573
569
571
573
576
579
585
587
591
594
600
604
603
603
600
599
596
593
593
593
599
598
601
615
617
3483
587
371
703
593
1249
585
583
582
372
703
593
592
595
606
628
682
708
724
715
703
689
672
655