693
706
711
719
740
758
765
787
784
784
770
752
721
717
714
728
734
732
748
753
745
750
747
736
750
754
753
769
772
769
788
793
774
767
751
732
727
726
721
742
769
775
798
791
775
773
757
741
729
722
703
696
689
680
681
690
705
742
771
786
813
812
780
768
744
726
712
695
690
688
683
700
710
727
751
764
772
770
766
760
752
728
719
715
711
717
727
727
744
744
747
753
749
734
728
715
702
698
692
687
702
706
721
747
755
777
768
751
749
729
726
716
704
708
703
712
724
731
756
769
766
765
750
740
727
718
711
715
719
725
731
729
730
734
733
722
720
709
698
698
699
698
711
713
725
723
718
723
717
705
707
699
708
708
708
716
718
718
719
719
717
721
725
716
715
713
703
708
705
707
714
720
717
712
709
703
693
687
684
681
674
665
664
664
668
668
680
695
708
716
727
733
721
724
720
717
724
742
760
754
766
774
756
751
751
740
728
729
729
723
735
748
750
759
767
751
747
738
723
718
713
706
716
732
734
745
748
738
726
722
714
716
726
733
742
751
758
750
746
740
728
723
721
710
712
713
715
730
741
740
750
759
752
751
740
726
722
718
710
719
729
733
744
749
741
742
734
712
707
703
697
706
712
714
724
735
735
743
743
734
731
725
716
725
734
732
741
744
739
743
740
725
721
717
706
709
717
719
729
733
729
729
736
734
727
728
722
717
724
730
729
736
737
735
743
743
732
738
736
732
739
745
739
749
751
746
752
753
748
745
747
733
734
735
728
736
738
732
743
747
740
747
742
736
740
732
742
748
741
748
747
740
747
749
746
761
761
755
754
750
741
731
732
733
737
751
767
761
763
770
756
755
746
729
731
725
722
730
740
737
743
743
730
722
717
709
707
714
720
719
731
738
740
747
748
735
738
735
732
736
749
757
754
760
759
745
741
738
728
723
722
716
722
728
727
733
734
723
723
718
708
708
708
708
716
722
728
723
728
731
725
728
732
724
731
739
734
741
746
743
750
749
736
734
757
718
714
715
714
716
724
742
750
739
730
716
705
693
681
673
666
662
654
660
664
688
706
724
723
723
722
733
733
724
717
699
690
682
670
665
658
653
653
665
687
707
748
781
787
783
793
785
754
743
729
710
704
697
682
680
685
696
710
742
772
776
794
806
782
773
756
731
723
721
709
717
731
752
753
769
769
764
765
758
743
739
726
719
727
731
744
772
782
781
792
789
764
761
743
723
727
720
718
738
758
754
771
783
771
775
767
745
735
719
701
697
701
704
727
751
760
777
774
772
763
746
740
730
712
713
723
720
726
737
737
742
743
741
746
741
727
728
720
705
706
706
703
724
742
751
773
783
771
770
760
738
730
715
705
709
715
749
781
811
810
811
791
764
755
752
737
743
745
737
752
760
760
763
767
761
750
747
730
733
741
746
768
780
773
772
748
729
718
712
706
697
688
678
669
660
652
649
644
641
638
641
644
647
655
659
669
681
693
702
710
724
714
737
750
743
737
726
709
700
693
682
691
709
744
774
800
815
814
811
801
796
781
750
733
727
724
737
755
763
787
794
816
826
801
797
777
773
762
743
744
746
749
762
776
803
806
788
780
774
761
765
756
764
777
796
797
816
803
791
791
771
750
746
735
726
737
748
746
755
759
750
757
748
739
742
734
721
722
724
721
727
740
742
748
755
761
746
733
717
710
708
703
716
730
744
757
760
751
763
750
731
722
711
696
694
697
693
710
723
736
744
752
750
735
736
722
705
703
696
696
706
724
742
746
760
762
750
750
745
725
726
724
726
726
735
739
737
741
736
731
729
721
723
717
714
715
711
710
716
719
715
711
713
709
717
724
722
736
745
736
748
746
735
733