1072
1077
1095
1136
1152
1131
1151
1158
1177
1165
1168
1186
1204
1213
1171
1184
1214
1193
1172
1177
1132
1095
1156
1141
1113
1150
1096
1099
1116
1084
1060
1081
1079
1066
1120
1149
1123
1153
1154
1120
1128
1123
1119
1089
1081
1102
1125
1142
1097
1131
1121
1115
1133
1123
1085
1111
1124
1093
1089
1116
1138
1101
1146
1156
1083
1109
1112
1041
1071
1089
1086
1094
1117
1115
1088
1123
1126
1077
1100
1127
1143
1098
1146
1166
1152
1115
1152
1172
1153
1139
1164
1181
1154
1134
1165
1184
1134
1164
1180
1192
1172
1194
1186
1134
1143
1159
1103
1060
1088
1102
1070
1095
1110
1064
1041
1042
1001
986
996
995
979
1014
1033
1024
1041
1069
1079
1040
1080
1088
1087
1062
1097
1122
1118
1074
1087
1101
1092
1084
1102
1110
1088
1079
1102
1102
1064
1101
1116
1097
1069
1083
1086
1079
1038
1055
1070
1068
999
1017
1041
1061
1092
1070
1025
1036
1068
1090
1076
1068
1041
1017
1017
1029
1041
1021
1060
1098
1108
1060
1064
1073
1076
1075
1027
1033
1065
1087
1078
1083
1115
1125
1121
1079
1087
1073
1049
1032
1052
1087
1055
1089
1120
1094
1066
1065
1054
1016
1029
1041
1016
1045
1068
1063
1076
1112
1123
1086
1104
1116
1157
1135
1113
1131
1154
1138
1101
1128
1130
1120
1082
1105
1130
1136
1093
1099
1119
1107
1084
1088
1098
1055
1077
1093
1059
1021
1049
1055
1016
1015
1034
1050
998
1041
1066
1037
980
960
915
946
971
917
960
1002
1045
1070
1017
1054
1068
1074
1046
1031
1051
1089
1129
1111
1128
1138
1138
1120
1144
1145
1163
1162
1138
1152
1079
1053
1077
1123
1168
1152
1122
1144
1157
1070
1121
1132
1150
1146
1110
1118
1119
1107
1136
1144
1108
1108
1104
1100
1083
1078
1086
1106
1105
1088
1117
1122
1082
1103
1121
1106
1066
1090
1075
1051
1101
1133
1084
1119
1146
1125
1107
1126
1142
1088
1105
1130
1134
1096
1133
1165
1143
1100
1105
1116
1095
1052
1079
1096
1101
1083
1104
1120
1111
1087
1102
1108
1105
1064
1065
1093
1113
1128
1141
1103
1107
1118
1112
1110
1064
1078
1095
1104
1080
1100
1099
1057
1067
1086
1036
1041
1057
1055
1042
1069
1096
1119
1114
1063
1099
1105
1866
1103
1069
1101
1117
1110
1077
1098
1098
1114
1068
1089
1113
1126
1085
1105
1117
1124
1083
1100
1110
1110
1084
1130
1159
1174
1137
1139
1150
1146
1106
1110
1136
1158
1103
1121
1120
1092
1081
1103
1129
1098
1140
1146
1132
1094
1117
1131
1112
1102
1110
1125
1101
1105
1108
1124
1094
1123
1143
1393
1125
1141
1139
1098
1125
1150
1146
1130
1157
1171
1122
1140
1117
1073
1090
1120
1099
1089
1127
1138
1101
1130
1130
1103
1070
1102
1115
1091
1080
1108
1127
1110
1114
1130
1145
1134
1127
1137
1150
1148
1131
1148
1145
1114
1088
1107
1104
1075
1069
1091
1089
1060
1098
1114
1092
1066
1087
1089
1075
1102
1123
1111
1109
1115
1120
1090
1123
1150
1120
1119
1136
1137
1086
1076
1088
1099
1070
1085
1113
1126
1084
1061
1062
1062
1055
1021
1041
1048
1048
1045
1066
