621
670
743
807
875
962
943
786
744
751
742
729
719
705
686
671
659
678
743
718
701
682
699
896
851
895
826
793
750
724
717
762
848
785
749
713
696
682
671
685
713
771
789
773
762
749
740
658
704
705
719
874
905
860
782
737
1976
677
667
660
674
671
666
664
682
720
712
722
750
761
734
737
735
712
726
750
750
758
754
753
778
754
725
707
695
791
937
928
807
837
2814
791
763
761
769
748
729
1861
857
806
884
780
764
735
781
958
908
878
834
753
728
733
743
744
733
720
743
752
765
760
733
715
744
742
717
701
722
748
761
739
764
764
791
746
744
730
722
722
727
737
735
719
712
714
751
790
750
754
781
796
772
731
704
698
688
679
668
669
685
714
738
771
791
751
721
718
730
744
727
724
701
684
671
678
696
716
728
714
699
673
662
647
646
696
720
758
834
823
839
785
739
713
698
682
687
720
697
728
755
784
779
777
745
719
698
685
671
654
643
632
632
674
770
835
847
749
725
706
722
744
735
734
701
678
666
652
653
666
692
704
689
670
661
686
688
674
689
701
682
666
652
657
679
710
743
743
2432
740
1466
722
712
704
704
695
690
683
691
708
744
763
779
760
742
726
719
734
698
1899
667
656
648
645
651
663
662
663
690
693
687
680
673
664
656
643
636
628
659
752
843
837
769
742
708
688
668
1387
677
657
647
642
646
659
677
671
1310
639
627
623
1812
700
709
689
668
655
658
689
715
721
723
708
691
671
660
666
669
3999
1734
670
1718
784
802
762
2467
692
677
682
694
708
704
687
666
671
672
676
673
657
655
649
647
651
653
641
640
660
697
740
735
727
696
1437
662
666
654
650
678
718
765
754
745
716
692
672
647
634
624
620
640
694
808
808
771
773
766
745
726
708
691
684
685
670
665
670
688
685
694
685
673
680
684
695
717
719
3345
624
622
3999
3999
561
694
1745
657
659
669
686
667
675
734
774
781
773
738
727
693
667
652
654
708
762
882
888
840
753
720
713
736
737
716
699
698
730
751
743
772
783
744
738
707
688
700
708
722
718
735
745
750
749
727
704
696
689
680
677
698
736
750
735
726
702
692
721
723
740
729
725
714
707
701
701
690
1261
681
706
691
713
734
724
695
686
1283
667
654
662
666
669
687
693
682
666
651
644
654
670
727
761
763
735
708
704
706
697
679
662
661
658
656
658
652
642
633
625
637
1463
729
741
748
751
1978
708
680
666
655
667
3999
716
660
650
653
666
680
708
2438
766
771
758
749
732
1968
664
3999
3999
3999
1419
662
1953
733
825
796
760
724
766
773
767
742
722
705
1420
733
714
733
699
3568
698
694
712
727
743
754
733
732
729
718
704
703
708
718
730
706
697
708
717
703
676
684
678
760
755
815
821
786
744
733
740
724
685
676
680
681
695
700
761
812
864
875
843
806
770
745
721
1876
691
744
745
723
708
700
705
708
704
696
672
655
644
643
674
720
765
803
762
731
713
705
708
693
695
697
702
713
723
751
737
740
733
699
687
706
717
726
728
722
713
695
673
656
650
659
658
773
816
823
845
800
792
762
742
721
698
675
666
648
640
625
617
656
674
665
685
781
903
877
860
833
773
729
687
665
648
663
817
862
904
885
887
792
737
693
663
657
677
665
675
699
733
741
726
709
686
666
653
638
640
716
736
710
714
783
824
816
790
754