705
712
728
708
680
659
661
649
637
625
619
615
661
670
700
851
880
795
731
706
765
789
757
751
729
734
994
875
799
762
809
1392
711
689
667
657
647
637
653
693
742
1151
693
775
809
821
806
781
774
787
805
808
810
770
773
742
735
748
758
761
766
773
746
736
716
3818
696
687
734
715
709
729
721
719
716
724
719
705
740
809
800
777
753
748
746
773
751
2079
734
2549
770
845
807
806
752
723
705
727
740
721
698
697
782
821
847
910
916
844
830
811
800
803
847
834
783
780
822
826
787
756
805
861
827
863
846
775
766
791
800
801
788
840
863
858
886
819
830
841
806
780
763
820
859
798
740
722
766
897
1415
909
2835
959
968
910
878
875
814
894
843
809
768
783
847
833
757
725
746
724
747
886
826
825
812
803
782
803
798
796
772
765
745
739
715
736
750
732
1946
659
647
644
695
770
833
875
766
860
781
809
952
867
820
810
778
804
824
824
805
786
841
1014
859
782
750
730
748
756
761
764
777
809
809
808
844
797
764
734
707
702
735
745
792
849
886
823
812
788
779
772
755
738
744
742
1121
709
694
679
667
668
666
662
659
735
752
730
753
793
779
876
966
833
772
824
951
973
940
994
913
878
917
888
864
864
894
1852
826
859
838
788
819
794
770
758
793
820
808
829
863
828
839
800
782
783
773
781
765
764
785
794
784
639
813
851
799
797
791
804
800
809
828
820
834
802
786
787
1912
785
779
817
799
778
775
781
809
786
794
760
757
765
784
826
789
812
808
792
799
780
782
786
809
809
756
764
783
783
783
774
799
783
754
757
749
749
778
802
779
799
840
811
820
815
790
812
798
778
798
804
792
798
798
795
814
806
784
778
782
768
786
800
781
798
828
832
794
801
786
780
791
780
782
791
801
769
797
789
773
832
849
823
811
804
752
720
704
379
472
602
945
841
784
754
729
761
811
795
869
900
894
901
824
771
781
1047
932
833
786
742
809
1179
1081
937
876
935
903
847
845
838
828
827
817
822
799
812
804
781
800
800
813
772
771
788
815
870
880
860
825
820
841
862
776
737
729
740
748
734
731
729
756
804
810
834
843
787
762
730
728
719
743
793
835
793
803
805
813
800
834
839
807
830
773
760
730
717
728
759
783
774
782
776
754
740
750
738
713
735
740
761
791
786
825
798
782
802
801
809
780
761
774
815
820
855
841
786
761
749
762
767
797
773
761
769
786
781
829
808
853
835
826
776
777
761
776
757
770
781
744
762
805
814
779
781
774
794
788
772
753
749
742
766
760
757
773
786
787
784
764
766
784
769
758
750
747
723
726
748
759
794
791
832
757
728
738
759
752
727
721
717
745
755
740
727
780
770
780
783
797
790
807
782
750
738
760
789
801
841
787
764
855
848
765
726
747
804
937
915
904
852
833
937
875
886
986
929
876
795
762
752
794
827
822
807
795
814
858
828
848
859
827
799
783
761
759
804
811
802
787
1885
809
856
847
803
792
776
754
803
830
767
767
781
805
790
770
762
754
745
772
806
842
811
784
831
799
770
760
747
726
722
708
701
721
761
772
771
739
768
786
809
790
790
788
758
745
764
820
893
860
833
815
788
821
830
838
823
829
836
801
785
791
763
842
930
853
806
821
804
853
935
869
895
851
818
792