590
604
596
588
580
574
565
558
554
550
548
546
546
544
541
545
546
548
558
572
568
561
559
558
557
553
553
554
553
553
548
544
540
536
535
532
531
534
538
552
555
554
554
555
559
549
545
544
547
546
539
535
537
530
535
526
523
521
523
533
536
532
540
547
550
559
560
556
572
578
573
562
558
560
560
556
552
547
546
541
541
549
547
544
544
550
554
568
563
556
552
552
546
543
545
557
564
577
575
572
578
578
573
567
558
556
550
554
547
545
542
543
543
550
562
562
567
584
594
598
582
591
589
583
579
579
584
576
578
570
571
566
565
562
564
564
558
561
569
573
577
573
572
573
577
578
574
574
580
580
579
576
574
568
567
556
560
555
552
547
543
541
539
534
535
534
547
562
576
582
587
601
609
602
603
597
584
576
568
564
554
548
538
534
527
526
526
524
538
547
565
562
573
588
588
591
588
587
581
585
574
566
558
548
544
538
536
531
530
529
534
541
551
553
550
549
560
557
563
559
566
563
562
558
553
547
545
548
556
553
552
559
559
573
571
567
560
561
568
570
580
576
577
567
565
561
565
585
600
612
604
613
598
587
585
581
577
573
565
560
553
548
547
544
545
545
553
552
554
560
563
565
567
562
563
563
562
560
559
556
553
548
545
554
545
547
549
544
549
550
554
553
569
578
570
571
561
555
550
552
556
552
547
552
549
555
571
576
576
583
582
590
583
574
571
567
563
561
565
561
564
561
558
553
556
550
550
544
542
536
534
531
533
539
538
541
542
544
545
548
556
553
547
547
548
548
543
548
548
553
554
553
555
550
555
550
550
548
544
543
546
548
554
554
553
551
547
541
535
531
523
518
513
514
507
516
517
528
546
560
583
608
614
611
590
580
570
559
554
552
544
541
537
532
528
526
524
525
527
531
536
535
537
538
537
537
537
541
540
541
540
533
529
524
525
524
528
543
549
545
558
565
564
558
550
546
544
540
539
534
532
531
527
521
521
521
517
520
514
515
509
505
510
521
538
573
581
598
607
612
600
587
584
578
569
560
549
545
537
527
522
518
515
515
519
521
539
548
563
562
591
619
640
629
625
625
609
601
599
592
584
582
577
573
565
563
558
560
567
582
576
572
571
589
605
610
622
617
620
615
611
599
579
583
949
807
768
690
674
649
633
624
632
640
666
708
674
671
666
656
636
627
617
609
606
594
586
580
575
576
579
576
568
582
573
574
560
556
555
562
556
567
570
579
579
576
567
561
560
554
553
546
541
544
545
544
542
539
536
529
529
530
537
539
545
562
573
579
578
578
589
595
597
592
582
576
569
567
561
552
545
541
537
539
539
541
542
550
562
574
581
602
606
595
600
586
581
573
567
564
562
559
561
561
560
568
560
558
557
551
542
537
533
533
533
543
571
578
577
584
593
597
597
594
588
585
583
573
565
561
561
552
548
544
540
538
531
531
523
519
514
517
519
544
586
673
632
646
636
634
614
599
583
574
563
555
553
545
543
539
541
545
542
544
543
538
540
533
541
540
549
547
553
554
551
552
549
539
536
532
530
536
552
547
544
543
545
546
546
547
552
560
556
548
553
552
553
556
552
544
540
537
536
538
550
555
564
558
552
549
545
546
552
568
580
589
592
589
583
578
568
566
556
552
548
540
539
531
524
526
520
525
544
577
601
606
605
609
616
615
604
598
583
574
567
560
552
548
539
538
561
537
545
556
589
597
586
589
576
570
562
558
551
550
554
553
560
558
560
557
557
556
555
561
560
557
553
548
546
551
558
559
570
574
575
580
573
567
560
554
541
543
557
550
557
564
575
569
568
571
581
581
581
582
583
578
575
583
583
585
594
602
611
609
599
596
582
571
566
556
548
545
548
549
551
552
555
574
574
582
582
583
585
581
569
563
560
555
557
558
557
560
555
556
557
556
554
552
554
560
568
575
571
577
583
572
566
557
551
543
539
533
537
539
545
549
557
570
580
575
567
561
554
546
542
538
534
530
525
525
519
517
521
523
536
543
563
584
582
588
583
587
594
581
574
569
563
562
551
552
553
557
558
576
568
577
583
587
593
598
598
594
587
578
564
553
560
666
611
588
577
565
556
552
559
581
591
615
615
618
625
613
626
622
625
626
618
631
624
632
618
613
602
596
591
594
584
590
588
592
592
589
593
582
573
564
566
567
558
561
565
568
567
568
568
562
559
555
551
549
547
546
545
543
539
540
540
541
547
546
549
556
553
550
553
568
569
568
565
561
556
548
544
539
532
531
530
531
530
532
542
545
544
541
538
536
539
540
541
539
534
535
541
536
539
532
532
529
524
522
519
523
527
534
534
530
524
525
525
529
532
536
539
534
535
534
537
547
539
538
546
548
550
548
554
555
554
556
560
554
552
558
554
552
547
540
537
531
528
526
522
522
527
535
546
562
572
583
580
580
582
581
576
