800
847
847
828
834
801
794
838
860
822
814
835
875
841
805
822
865
891
877
833
793
819
863
899
892
850
793
748
772
830
894
883
820
784
823
874
911
877
828
806
838
885
905
853
814
833
866
871
828
777
795
869
907
898
834
833
881
890
833
780
797
820
818
773
748
785
858
876
846
797
791
830
841
882
866
805
833
884
896
898
857
788
784
824
872
900
897
875
847
863
881
854
831
836
854
872
853
827
855
878
883
842
829
871
891
855
831
864
872
836
802
833
817
779
797
857
854
829
863
899
854
862
901
903
852
863
885
877
819
863
900
880
843
882
911
897
846
842
881
882
874
821
843
883
906
876
837
862
888
868
826
813
862
878
861
807
822
845
859
854
817
848
871
856
817
843
841
820
783
808
838
841
806
814
851
861
863
869
893
879
842
869
861
831
851
883
858
840
875
883
870
839
862
884
887
853
823
860
887
892
854
840
878
887
867
827
845
875
879
843
819
846
872
861
846
883
896
873
829
821
872
899
893
854
824
859
890
896
884
855
837
840
874
896
890
860
844
847
892
898
898
859
820
802
828
881
901
858
806
819
879
914
901
828
768
782
824
887
894
856
792
743
657
705
830
788
727
828
923
934
897
839
774
748
750
878
907
899
870
811
772
807
863
892
898
894
831
782
796
833
871
892
876
851
798
820
872
915
916
918
909
848
793
808
851
898
898
892
795
752
730
775
872
920
916
880
850
799
790
828
876
878
869
870
834
799
799
849
889
894
883
870
892
885
860
824
800
819
866
900
900
862
834
842
845
844
833
807
795
823
845
867
875
853
824
818
812
833
842
829
853
888
889
890
852
823
821
854
869
868
850
833
853
876
887
867
873
922
916
910
887
853
843
910
939
947
886
888
925
932
890
835
876
925
934
933
875
894
929
935
932
886
878
905
907
904
924
925
893
891
885
841
801
812
852
876
860
822
838
865
884
879
858
854
873
894
912
899
862
824
825
845
889
895
893
870
857
867
879
892
860
817
836
880
888
857
836
865
873
896
887
848
848
875
884
871
858
882
900
872
843
858
861
875
844
831
847
892
896
879
845
867
878
879
856
874
884
858
836
865
879
856
828
827
861
865
833
809
838
840
816
819
833
855
831
800
829
852
837
803
801
837
857
856
830
823
844
884
875
864
886
881
856
813
820
843
863
1911
866
836
842
875
882
851
875
914
899
876
908
923
911
872
888
906
919
891
855
893
931
944
902
877
909
920
893
862
909
929
905
874
896
917
902
909
917
905
875
896
926
921
903
930
933
906
875
895
896
870
897
930
898
888
923
919
862
895
909
871
838
879
912
931
898
908
936
927
904
886
908
919
901
855
867
899
915
892
858
863
893
912
895
855
844
879
902
903
862
845
881
890
900
856
829
863
896
902
868
883
885
864
833
860
879
868
838
864
883
865
832
846
869
846
826
851
874
868
838
857
850
835
814
841
868
883
873
835
873
895
880
843
849
884
880
841
863
875
878
854
821
833
875
885
872
847
871
873
872
851
850
870
880
850
865
897
910
886
856
856
876
904
883
862
885
902
873
848
874
883
865
837
877
881
856
832
848
882