585
584
580
577
578
579
583
587
592
593
595
597
601
612
613
376
861
607
601
604
369
855
610
605
608
615
611
620
625
633
633
637
653
659
663
655
639
625
614
612
616
624
631
632
635
642
646
651
649
380
921
639
635
634
650
655
656
657
661
653
640
633
633
624
625
391
875
622
612
606
604
603
604
606
610
362
886
617
618
621
627
629
640
648
648
648
656
663
664
654
650
646
637
628
629
630
628
627
631
635
637
635
632
628
632
639
637
637
640
644
639
645
639
634
629
627
622
611
598
596
602
613
398
836
605
601
597
596
597
599
606
610
607
603
607
607
605
602
597
593
589
589
588
585
584
586
586
590
598
607
610
609
605
605
605
603
606
608
617
621
624
622
625
630
633
631
378
896
625
622
624
625
629
638
636
641
651
665
665
656
662
663
377
947
643
641
642
376
930
646
646
650
663
675
690
685
379
994
668
662
661
662
661
666
436
918
662
660
660
667
670
678
680
674
679
682
683
682
667
663
652
647
645
638
635
634
638
639
641
640
641
646
640
633
638
643
646
645
653
661
655
660
657
665
668
666
664
662
659
655
660
659
662
659
661
665
666
668
664
660
663
663
656
651
659
652
652
648
649
641
627
425
821
618
619
627
629
636
646
653
650
655
371
949
646
640
639
405
886
637
631
636
645
654
665
658
665
667
671
666
659
668
661
664
657
654
654
656
656
651
651
655
654
650
646
649
655
663
666
665
674
678
671
665
664
664
660
651
654
660
663
661
660
662
660
659
659
662
669
669
666
671
688
677
666
671
670
668
656
653
655
663
653
658
660
663
658
656
659
661
665
661
657
657
660
663
664
664
672
669
658
654
642
635
636
634
635
641
635
635
635
639
640
632
627
624
622
617
615
613
614
619
618
617
619
625
627
629
630
625
623
625
626
631
629
616
609
364
855
599
598
601
611
613
614
617
623
629
633
634
638
646
650
642
644
648
649
647
649
644
642
646
647
641
641
643
642
641
648
647
398
894
626
617
617
617
615
620
619
631
632
635
631
626
625
431
830
621
620
625
630
636
643
655
662
659
376
941
643
637
636
639
645
652
656
658
673
672
664
659
652
640
639
641
644
646
647
645
656
661
651
654
655
652
645
647
647
655
661
666
663
659
652
654
642
630
625
603
605
593
590
585
585
584
589
601
600
602
604
598
595
600
608
615
622
632
637
647
648
648
643
637
633
633
633
368
903
630
627
631
630
632
628
630
632
632
634
630
633
629
622
625
628
636
631
635
639
642
643
646
376
933
640
634
631
633
640
641
641
644
650
654
657
664
666
661
661
657
654
647
638
396
923
635
624
615
611
611
606
606
606
612
613
609
604
603
609
610
609
608
611
616
617
622
619
624
630
631
636
633
639
640
635
639
637
640
645
644
639
641
642
640
640
643
636
633
631
632
638
637
641
649
653
662
661
662
662
668
666
662
664
666
667
662
658
658
651
654
653
653
653
654
656
659
661
657
652
652
653
653
656
654
657
658
657
652
651
650
653
653
648
646
647
640
631
637
631
636
635
629
368
912
635
633
632
632
628
627
633
634
632
635
641
647
644
643
635
636
640
469
818
632
626
619
623
620
622
624
631
363
932
633
631
627
379
869
607
602
598
601
606
611
622
632
629
627
635
634
641
643
641
643
649
655
656
651
653
652
643
641
636
639
640
427
866
640
644
646
643
643
651
657
657
657
662
673
372
982
656
654
643
641
647
656
369
958
645
642
643
646
644
646
660
660
657
659
664
670
669
664
662
666
669
674
668
665
655
648
635
625
617
619
626
632
641
650
654
665
679
675
675
669
678
678
667
662
664
663
663
665
665
670
674
669
668
675
676
681
684
677
409
973
684
675
667
669
675
674
679
679
683
691
694
694
686
685
686
685
682
680
679
685
681
679
672
682
682
682
685
687
693
688
686
678
685
681
678
674
671
665
666
665
661
379
957
655
646
647
652
659
663
660
655
658
663
667
663
663
669
663
659
656
655
658
662
664
662
662
666
670
677
673
675
682
690
692
684
691
684
693
690
682
680
679
680
669
673
669
669
662
662
666
667
665
662
664
653
652
652
652
655
383
951
657
651
656
665
674
678
670
682
691
706
690
696
698
697
696
685
682
684
686
681
672
674
672
402
948
653
652
653
653
649
652
666
680
684
678
684
690
687
689
687
372
1000
679
674
666
675
681
685
417
950
669
672
671
675
672
677
682
681
437
936
670