661
698
703
671
649
631
2969
580
574
576
575
571
572
572
574
571
569
567
571
573
571
563
3835
548
567
586
591
579
580
580
589
593
586
586
587
589
584
575
568
555
3372
566
557
555
553
554
1335
572
578
575
577
574
570
1870
568
569
568
565
568
566
562
559
560
551
549
545
550
556
561
565
566
563
561
1902
558
563
562
555
550
559
559
556
550
552
545
543
545
549
549
550
549
549
548
553
556
560
560
560
558
559
569
568
574
563
555
553
546
547
544
541
543
556
552
555
2410
547
548
552
553
551
552
556
558
554
550
543
543
541
539
543
543
549
554
559
3812
553
553
551
549
547
1873
559
568
583
580
575
3776
580
586
578
577
571
566
560
559
570
572
571
574
572
576
573
2315
545
545
556
562
584
596
599
606
594
591
591
600
590
586
578
1890
554
550
551
558
562
555
555
557
547
541
545
551
556
575
570
583
594
594
583
2845
548
546
547
545
546
545
550
550
546
549
549
553
557
553
552
547
3999
749
534
530
525
1937
556
553
570
570
565
567
563
2418
538
537
537
546
555
567
568
563
563
563
561
554
571
564
560
553
1398
525
522
527
523
522
519
521
512
513
529
531
540
545
540
544
540
536
2430
530
531
530
526
523
529
522
1409
539
539
537
536
538
3398
536
536
532
533
531
531
534
540
536
537
544
538
538
546
543
539
3342
525
528
530
525
529
540
547
567
576
573
579
568
3313
534
530
534
545
551
558
555
551
541
539
532
524
523
514
2918
595
612
625
608
601
589
579
571
1395
561
566
569
568
3400
528
532
544
546
547
553
551
557
558
556
554
549
551
542
543
3999
2268
563
561
555
548
540
538
540
543
542
543
541
545
2967
540
532
533
544
549
548
544
542
539
533
535
539
540
541
547
548
545
2968
534
541
540
545
541
541
539
541
545
552
546
546
551
553
547
541
543
3979
557
565
571
566
560
564
558
546
546
554
557
560
557
562
562
557
554
3305
530
536
535
532
535
530
530
524
525
532
549
554
556
1911
555
551
1401
555
551
547
541
537
537
529
530
528
528
534
548
545
539
537
545
547
546
854
552
572
569
560
553
548
541
536
533
528
533
530
533
549
551
556
562
557
557
1419
545
541
543
549
563
564
566
566
565
571
577
571
581
582
573
567
553
554
553