738
729
721
730
732
712
700
710
766
791
833
833
817
777
765
744
748
774
788
773
772
789
773
769
762
835
790
796
782
778
803
766
767
767
837
878
919
920
885
866
836
818
790
778
838
889
946
974
916
899
944
928
860
882
878
807
735
709
765
789
829
776
747
757
742
732
735
750
802
890
915
826
835
857
874
834
763
759
760
756
754
763
750
740
731
768
750
714
720
730
723
723
709
685
689
742
832
859
806
809
817
734
704
726
713
706
723
734
709
736
745
742
740
745
725
716
688
680
695
707
706
719
748
766
794
782
766
773
791
788
768
745
733
729
753
775
741
708
739
813
857
866
796
765
747
721
743
774
818
781
766
813
839
837
791
778
821
905
926
876
883
828
868
898
914
914
918
926
918
915
840
800
871
922
975
970
958
916
925
943
959
952
930
945
908
848
876
881
907
852
835
861
849
835
791
781
801
816
834
820
739
710
749
801
875
910
936
944
921
921
908
805
788
779
789
775
799
767
791
863
930
943
939
906
875
874
875
830
779
722
737
789
854
905
861
799
754
747
748
733
755
824
913
890
821
781
731
703
707
767
817
909
908
834
809
796
788
788
782
773
766
750
709
733
724
676
672
665
627
671
668
667
711
756
747
746
782
829
811
808
771
748
758
771
775
791
768
762
737
778
868
895
875
880
868
853
836
813
770
747
719
706
730
758
798
803
780
793
809
770
746
800
830
867
811
752
761
756
749
805
828
855
853
854
858
839
821
764
743
778
843
885
894
872
844
793
823
880
884
875
795
741
712
711
721
831
922
904
865
824
890
860
529
453
883
408
565
702
262
895
525
381
904
901
884
792
750
793
788
784
666
786
700
693
681
665
635
638
644
650
665
678
1870
867
900
998
928
889
883
862
848
822
770
726
714
716
754
831
904
903
866
753
766
773
774
749
722
705
713
724
743
698
700
726
724
714
718
775
751
753
764
786
806
793
767
731
717
716
708
678
695
739
773
842
963
995
979
952
917
841
881
941
963
930
803
766
779
905
1023
1001
975
938
882
850
889
884
928
936
926
919
896
906
901
914
839
798
764
746
758
774
811
804
761
756
811
839
824
835
853
890
791
801
813
864
930
935
902
916
916
909
860
899
903
918
868
872
871
847
845
852
878
877
913
930
953
933
937
957
961
930
900
866
847
869
899
928
901
885
833
879
901
902
906
908
881
871
825
813
832
884
889
928
918
867
868
858
863
876
933
915
896
886
919
923
912
808
785
806
855
859
791
741
749
753
739
775
787
762
734
719
677
667
661
654
646
669
1012
878
975
951
865
857
859
791
732
733
756
775
788
814
769
782
777
763
801
845
874
838
818
860
853
838
791
749
718
726
710
725
758
804
844
820
775
806
815
819
769
754
744
733
708
692
692
708
717
728
704
688
700
721
754
821
859
818
797
816
794
748
772
798
766
740
719
682
668
665
693
773
794
838
804
776
762
742
795
753
722
688
671
678
698
741
794
778
1081
1006
952
822
754
722
731
739
755
742
785
812
801
805
768
770
779
790
828
855
855
822
833
838
789
757
791
832
868
905
833
836
822
809
832
834
833
818
855
886
880
777
731
822
847
890
909
880
845
846
851
836
823
821
811
840
798
806
832
873
862
794
807
841
896
934
916
837
760
769
791
834
881
908
910
945
936
913
863
821
851
851
875
886
864
862
837
810
767
784
801
838
904