701
703
706
711
750
768
832
862
874
862
816
786
734
690
666
659
653
680
741
878
917
961
959
859
824
799
760
760
778
788
769
778
787
788
758
748
765
775
744
748
781
790
784
801
852
841
853
853
833
783
792
756
748
735
722
715
725
720
731
724
730
732
713
718
727
721
694
697
698
696
723
743
728
737
748
727
740
743
720
736
721
696
719
710
684
696
744
770
725
709
739
785
836
890
927
911
846
783
747
738
701
703
690
679
664
669
670
677
719
753
832
853
835
1244
867
3465
804
790
766
771
721
709
777
769
834
869
807
815
780
800
788
832
816
836
1688
841
1250
739
724
713
734
762
793
769
783
784
772
775
788
782
777
3999
373
741
750
2036
726
711
1878
713
720
733
722
729
714
719
712
704
685
678
684
666
679
688
703
739
762
3999
3354
774
752
735
772
788
775
748
733
694
683
669
666
682
719
912
867
933
928
860
799
763
3999
409
705
2765
781
788
766
3175
753
728
710
1730
651
650
678
3999
1006
688
686
708
705
3999
1258
872
875
1670
765
750
2667
775
492
751
765
771
755
767
768
756
758
763
742
749
757
725
702
739
771
782
770
800
816
806
798
746
734
718
710
738
1652
799
833
804
787
1698
751
731
716
3999
2146
757
759
3999
3446
695
688
695
1215
707
721
741
774
755
746
720
715
684
668
661
679
699
741
784
780
855
892
804
831
833
776
765
3940
710
699
683
669
665
653
652
653
661
666
662
651
659
3999
3999
3999
1691
714
718
743
752
785
831
794
819
821
794
795
765
740
759
771
801
768
759
765
770
727
719
731
733
3999
1378
734
735
765
767
747
722
711
716
728
733
715
710
1626
722
792
802
813
887
855
944
924
881
837
796
745
733
744
746
738
709
719
740
738
712
764
3064
753
734
721
692
676
683
710
769
811
805
783
789
779
763
778
762
737
740
736
761
728
708
729
818
737
697
683
722
796
844
859
872
838
1700
721
731
745
776
791
783
796
791
796
792
1719
768
765
750
760
791
784
1872
726
713
720
711
696
698
695
683
681
682
673
677
680
674
663
1683
672
666
663
662
654
650
658
654
661
702
714
719
715
755
822
870
882
837
764
733
710
1646
688
700
714
748
737
747
777
827
785
758
736
1249
754
757
758
718
714
698
688
678
679
691
717
745
814
829
836
802
771
744
720
707
695
671
665
678
713
716
717
743
735
696
681
681
667
659
667
693
709
678
682
677
664
678
695
722
751
745
753
731
742
714
703
697
718
744
753
762
744
769
805
840
775
761
717
719
756
745
729
721
723
726
736
775
772
789
807
814
785
780
770
751
762
768
751
739
730
736
750
744
751
771
802
791
768
771
745
778
876
730
728
733
710
718
736
779
783
763
769
757
735
3117
706
2278
708
712
703
694
689
695
696
3999
726
676
684
692
692
1684
682
680
681
686
675
666
660
661
659
660
672
695
701
715
696
701
710