643
666
693
688
1215
680
700
735
783
1723
743
754
734
766
768
748
737
719
696
1246
707
708
699
685
666
676
680
714
768
770
744
749
782
786
738
764
745
736
760
755
789
813
782
739
744
736
741
751
760
757
767
750
768
741
750
748
753
777
786
803
810
808
2951
748
752
762
2598
703
1005
779
816
810
852
796
807
774
769
751
729
723
724
720
743
752
732
759
751
780
751
2337
738
752
747
771
766
757
755
749
750
761
730
702
695
1253
786
822
848
828
2529
748
2601
844
867
804
802
806
808
765
770
759
774
3999
29
759
764
748
554
776
1253
708
733
778
788
846
1730
761
762
765
764
756
1687
771
771
791
774
805
798
1252
790
770
799
807
798
818
816
768
736
739
741
752
757
746
717
707
2131
780
748
730
1668
908
895
874
809
832
810
798
776
791
781
2174
780
790
798
781
1991
764
774
773
741
1714
813
1916
782
758
777
764
751
745
728
697
693
690
703
738
734
773
832
825
877
829
807
2131
744
759
768
745
780
792
1649
743
750
749
764
734
730
699
708
735
765
753
777
781
750
764
767
758
748
759
758
750
732
750
782
760
842
898
954
915
883
861
839
806
785
749
727
737
749
772
797
835
891
1263
794
781
813
794
755
800
784
816
838
827
813
798
771
758
737
740
750
750
733
756
774
833
816
772
759
784
790
768
784
810
810
811
832
868
808
1699
764
760
749
740
764
777
759
767
759
1699
858
816
1701
762
747
728
725
740
779
779
1695
858
792
797
791
784
780
745
746
748
734
772
791
779
811
875
881
809
770
776
778
754
747
756
791
784
805
797
819
777
777
773
769
748
758
729
740
753
783
788
797
782
766
733
730
747
726
759
1916
774
827
803
786
833
845
805
834
894
1700
772
794
837
846
3999
1072
823
827
3999
3999
768
776
802
815
1715
751
761
766
730
734
1716
781
892
820
833
857
833
842
860
839
853
856
1213
814
830
785
770
773
1683
723
737
718
721
752
759
756
777
3952
705
710
701
729
759
778
845
878
898
810
810
1695
752
759
749
769
774
751
788
773
755
778
767
786
790
785
768
723
727
717
3999
98
790
791
768
737
1255
691
718
733
753
764
772
768
738
721
1884
796
756
2921
817
838
3134
759
771
788
767
755
758
762
477
772
776
807
774
769
778
756
743
742
743
809
829
814
768
2369
726
3999
271
790
784
794
750
981
761
796
788
766
817
837
806
839
837
781
1691
760
773
780
757
794
785
770
788
792
808
821
797
751
739
774
790
772
784
759
773
791
821
825
815
786
766
756
755
740
727
709
713
700
710
746
784
845
934
892
847
816
784
753
727
743
789
820
781
747
728
750
750
731
750
791
882
873
873
819
2572
711
700
754
755
786
836
877
839
845
801
783
772
754
731
750
782
781
808
813
777
758
736
741
750
750
732
743
753
755
790
782
819
839
834
832
822
774
765
746
735
750
748
740
739
762
753
771
814