752
732
751
772
785
774
789
802
844
841
830
795
796
775
798
791
807
814
855
839
800
759
761
793
851
901
869
793
811
819
867
898
885
881
891
895
877
841
802
784
777
755
748
767
762
742
742
787
819
807
788
788
783
742
731
742
752
709
722
731
729
730
731
740
756
774
780
760
774
759
744
759
750
723
742
734
747
758
793
795
820
816
836
867
883
877
828
831
822
802
764
766
756
747
737
758
788
826
865
865
829
822
813
818
805
794
785
781
775
789
771
776
780
773
748
777
808
833
802
832
843
826
788
803
805
792
786
790
786
782
760
793
795
795
766
780
794
801
770
791
789
787
773
792
790
793
779
777
779
745
765
779
790
753
765
770
767
726
714
735
761
778
781
781
800
803
792
813
816
808
786
791
765
752
735
741
751
746
767
775
765
776
767
776
745
765
770
794
799
782
793
823
839
840
850
873
867
827
816
800
793
746
773
791
799
742
750
729
700
711
680
661
642
661
688
714
730
767
769
795
758
740
702
651
662
688
702
766
883
940
958
942
937
936
938
928
905
883
849
824
795
767
751
761
754
760
733
719
725
749
759
802
742
761
770
764
798
827
836
803
781
759
733
729
724
728
734
721
707
738
748
757
751
766
784
793
777
779
785
790
776
782
784
787
766
731
708
708
703
706
696
697
704
717
712
738
727
774
785
801
800
788
758
742
740
748
750
759
736
739
750
744
741
715
737
757
842
845
811
812
780
760
736
730
749
768
770
772
768
735
723
726
721
720
724
716
709
719
734
764
758
794
828
846
826
841
838
812
798
762
743
725
715
696
700
710
721
708
756
815
808
785
791
783
760
718
692
693
693
679
672
663
666
669
694
708
761
791
834
856
892
894
859
822
804
783
763
727
714
731
739
721
720
715
725
700
678
692
695
763
782
771
745
742
726
709
700
699
705
732
758
755
748
769
790
799
812
834
785
777
747
743
746
729
729
724
728
707
732
747
774
756
772
778
782
766
807
840
842
827
801
792
791
769
755
753
773
765
755
758
750
742
711
711
721
747
753
775
776
786
795
783
730
688
682
686
678
679
672
673
679
676
676
682
691
699
663
658
663
667
558
706
700
703
715
738
763
794
777
767
745
691
692
692
712
745
739
748
764
736
761
795
788
790
766
783
773
747
753
754
721
706
698
701
709
737
733
714
714
716
732
789
769
750
747
750
759
749
743
727
710
676
664
680
681
708
728
752
752
748
748
710
690
696
699
695
697
699
701
743
787
797
761
780
766
765
781
845
860
897
876
850
783
736
722
746
822
850
822
767
786
810
839
811
743
711
680
690
708
746
774
735
750
774
798
806
784
791
836
836
845
829
823
826
763
751
744
741
739
765
762
766
763
727
711
675
659
682
692
745
762
752
696
698
693
690
744
764
812
861
892
871
828
835
829
825
783
781
795
806
817
808
725
681
752
748
793
851
914
929
846
853
854
818
764
760
779
805
801
820
823
846
846
836
790
764
740
720
739
772
832
873
875
864
833
812
811
804
788
764
771
780
783
783
762
730
750
751
795
875
915
954
941
909
866
844
800
766
733
750
754
785
758
797
819
842
799
822
836
791
791
775
797
794
774
753
753
754
748
727
726
723
721
698
708
727
757
761
763
769
815
845
851
809
779
775
763
764
754
739
715
697
687
661
659
660
679
705
743
783
823
830
833
819
794
736
723
680
651
639
644
654
696
751
803
799
747
743
744
780
788
776
753
722
701
670
652
637
636
636
653
680
713
732
716
676
691
688
704
728
755
779
780
780
769
732
704
681
680
681
708
683
681
711