687
687
709
696
680
699
719
836
877
821
816
805
784
728
753
773
813
862
813
869
837
843
804
818
834
835
849
862
861
860
798
807
814
830
833
782
816
847
862
876
832
784
786
787
809
813
815
768
785
772
758
757
743
756
782
808
825
775
814
827
817
768
759
787
833
852
835
795
795
797
816
818
771
788
799
803
804
792
833
851
841
816
777
790
794
817
767
791
795
838
795
792
794
788
747
752
772
786
775
747
791
811
854
817
807
811
810
805
772
788
777
799
791
775
794
791
778
788
798
812
778
811
803
815
759
784
784
791
754
794
787
790
753
798
827
761
801
830
789
812
838
853
791
818
810
819
787
817
843
836
800
819
812
783
797
834
845
817
798
830
849
802
849
877
876
834
868
868
849
824
839
825
800
804
834
854
798
813
845
844
829
781
833
861
884
817
821
814
803
769
813
849
855
818
841
830
820
760
784
775
808
824
803
858
908
913
835
844
757
773
810
823
819
806
839
856
849
828
811
815
812
738
687
720
720
773
885
967
950
984
971
961
936
912
867
828
770
790
804
742
807
806
815
786
833
791
798
816
867
879
882
857
806
830
852
848
770
770
768
741
714
717
744
780
817
765
758
767
733
767
780
790
749
773
774
789
757
748
717
752
778
806
838
825
781
807
797
791
795
757
773
778
792
775
784
800
799
766
777
774
789
753
791
813
812
781
808
808
824
772
791
805
814
783
833
842
839
815
827
837
829
800
810
801
750
746
749
772
780
764
823
864
855
857
865
861
814
819
822
827
777
807
839
869
844
844
858
854
791
805
810
827
794
840
793
829
874
861
823
807
747
750
728
704
743
802
795
805
833
852
860
839
794
823
834
855
813
806
844
854
833
854
881
884
819
844
852
867
812
835
872
868
834
867
861
812
811
816
818
772
806
831
817
767
804
747
805
817
847
832
859
862
849
818
849
850
809
768
766
773
744
728
743
779
791
741
766
789
848
829
819
869
874
827
788
741
690
700
707
752
838
925
875
908
902
898
891
867
847
828
781
759
714
765
785
838
874
879
808
800
817
826
840
852
869
836
812
831
836
846
856
846
823
853
858
836
853
845
820
772
796
818
803
822
859
903
871
897
890
876
812
829
825
834
785
821
818
838
792
828
864
831
795
809
827
818
841
845
862
777
821
817
829
785
818
837
836
783
799
816
791
747
758
778
757
739
769
812
796
782
828
814
781
739
747
759
770
748
782
815
822
778
805
833
842
823
845
839
775
794
801
790
751
783
786
777
764
799
801
818
796
828
853
835
815
844
835
826
776
792
796
823
781
766
760
772
754
726
771
739
745
730
737
746
764
776
719
733
752
793
828
756
774
787
820
860
806
834
851
849
836
816
813
808
804
767
823
823
851
791
828
851
834
793
820
814
767
798
817
830
807
811
822
830
778
821
833
850
811
862
866
844
854
848
860
838
842
819
773
795
856
867
839
788
813
817
833
803
841
856
849
831
872
890
879
875
894
908
853
837
851
872
832
851
874
857
805
853
879
865
842
880
890
808
807
809
803
820
828
849
796
855
878
819
809
828
832
777
755
727
749
790
850
815
803
818
833
822
768
788
804
833
843
810
837
857
864
829
866
872
882
809
805
819
820
792
855
883
865
815
844
865
824
817
826
841
802
783
822
872
908
847
859
854
846
801
825
843
824
789