769
867
907
797
873
765
859
885
876
837
896
895
788
831
818
892
832
795
737
760
791
814
791
836
805
766
809
833
784
818
855
823
777
805
761
795
861
856
777
826
820
823
767
858
851
813
861
921
833
834
905
900
813
844
865
846
772
825
845
795
867
929
803
885
918
834
825
887
922
828
842
907
898
758
773
855
1033
1003
946
831
821
896
954
928
822
808
877
985
949
899
783
786
833
876
859
789
861
922
927
874
794
756
795
904
939
883
840
922
961
975
933
790
810
861
935
885
801
784
890
975
971
884
892
894
812
828
908
902
930
791
817
859
882
812
875
962
953
804
842
846
801
804
767
889
880
816
956
948
889
928
818
854
860
843
796
744
746
794
790
845
781
795
780
744
748
732
779
782
749
818
836
803
909
861
809
859
858
836
869
800
892
909
844
886
847
783
836
837
790
870
898
812
961
810
865
902
806
877
844
806
858
889
801
867
770
819
791
747
842
869
852
863
937
872
886
829
866
818
809
857
875
828
953
933
839
873
899
856
907
901
838
937
903
834
872
893
831
890
909
840
888
916
831
889
871
801
857
906
805
903
869
811
880
898
829
860
904
823
857
875
818
893
919
831
929
960
879
926
870
817
876
905
854
917
951
856
895
905
826
877
914
827
889
887
827
864
877
808
870
895
794
773
813
816
795
878
876
800
921
960
861
915
871
809
867
823
803
778
862
820
772
753
725
783
808
783
867
834
766
795
791
743
800
791
757
817
845
812
863
823
808
828
842
805
826
780
808
794
748
741
775
822
927
801
839
875
802
768
787
773
713
707
716
753
833
907
817
878
896
859
859
850
804
822
791
856
840
788
851
852
815
856
882
793
852
867
803
891
915
839
884
882
795
859
857
782
832
822
773
813
849
755
794
837
740
750
738
756
762
756
769
785
747
728
709
728
741
715
698
771
765
791
799
772
762
733
690
665
663
666
699
723
774
784
788
787
785
800
795
729
713
700
708
713
733
731
758
782
784
763
741
766
818
901
889
852
739
745
758
773
793
844
833
848
792
729
721
737
781
873
917
895
807
771
784
799
755
761
765
796
816
769
731
747
747
804
822
829
825
831
794
844
832
762
739
727
734
746
749
773
776
773
769
732
758
749
749
709
704
694
660
668
711
724
737
759
814
774
732
752
757
768
744
711
712
735
819
836
851
833
762
789
823
761
799
799
817
842
823
809
790
790
758
737
745
802
845
805
776
821
840
861
840
783
823
803
787
765
808
801
756
766
814
808
813
826
798
782
718
716
710
728
716
768
803
842
812
761
715
704
701
708
748
833
863
893
821
858
917
947
870
884
902
872
913
925
914
925
894
833
833
774
739
728
756
820
913
915
876
794
756
765
788
829
857
869
835
771
783
797
811
800
847
848
852
829
813
755
751
771
784
772
787
763
747
719
715
823
794
767
793
813
842
846
815
735
731
739
812
908
889
871
804
784
750
729
770
813
811
759
782
802
771
719
734
759
755
842
904
845
799
818
857
781
740
766
753
827
841
827
815
867
897
881
818
834
825
851
810
832
832
828
768
830
877
820
927
910
914
887
876
822
773
789
808
833
831
843
761
757
751
742
855
865
842
886
879
790
823
881
871
813
875
842
804
813
845
858
835
865
860
864
847
836
796
845
880
797
813
814
855
796
798
763
801
842
822
744
723
751
809
888
933
924
910
859
836
799
807
816
803
776
787
785
746
739
734
708
752
811
860
855
865
863
862
819
819
839
867