647
628
635
662
678
653
669
771
884
807
867
834
785
802
756
734
715
692
715
740
757
747
800
802
810
762
841
809
818
828
869
884
873
874
806
793
808
890
859
877
881
826
836
875
831
801
820
789
801
791
780
718
717
751
793
861
816
823
772
791
802
816
806
783
801
800
786
777
730
718
722
747
766
755
778
796
782
825
844
823
810
799
791
807
2578
816
787
799
820
854
1684
857
817
807
816
1232
833
816
814
738
719
754
803
812
799
794
766
745
723
721
724
774
793
1231
793
792
803
789
1341
738
753
763
2583
877
886
850
844
840
847
875
916
922
914
1221
787
789
791
728
718
762
787
810
852
833
872
852
833
820
794
794
811
803
760
782
801
856
904
913
943
950
882
892
879
882
901
866
889
898
916
912
891
873
815
855
908
921
895
826
833
859
869
865
860
845
807
774
757
20
836
864
3999
1571
899
900
909
878
842
850
819
848
834
845
917
866
847
852
806
802
811
819
829
841
849
816
807
795
792
761
767
786
795
794
825
828
807
777
775
773
768
790
777
772
734
746
754
763
766
773
2583
809
836
820
825
804
764
727
720
721
734
759
778
819
837
853
836
819
783
834
902
925
905
887
824
783
2247
738
776
796
858
875
874
816
791
2037
875
893
896
882
865
1238
782
798
825
833
854
846
897
915
920
898
881
889
913
898
872
833
822
900
943
922
887
874
0
742
791
864
848
916
939
905
907
1636
868
853
888
883
820
841
862
856
821
849
881
877
881
828
840
829
829
825
824
830
827
821
819
839
827
798
844
875
859
861
902
896
1202
818
826
845
838
829
805
776
780
777
771
794
833
858
881
857
820
833
833
856
806
3347
816
872
841
862
887
862
842
829
814
834
853
841
904
904
916
3169
883
825
822
821
831
823
916
944
899
938
879
858
890
876
873
859
867
864
883
932
924
864
1901
826
807
1748
852
775
770
855
825
894
916
879
894
898
847
874
853
878
925
891
891
902
904
872
844
829
795
839
945
904
951
920
830
803
899
920
930
944
928
902
854
865
843
910
960
941
893
841
838
837
846
817
830
857
903
889
852
832
794
774
810
890
945
945
906
840
814
791
803
818
812
869
890
847
833
832
823
833
853
851
910
885
870
885
877
906
883
864
855
894
888
860
869
855
872
894
850
865
865
829
875
863
865
874
847
876
858
850
790
750
762
801
810
821
860
2095
850
840
802
822
800
806
811
805
885
907
923
896
842
852
851
840
819
843
886
861
822
846
791
765
814
856
888
903
873
876
894
853
830
827
788
812
858
930
956
953
904
862
831
803
808
827
869
915
937
928
917
847
816
826
1246
1143
1025
910
864
893
903
914
954
960
931
929
928
918
917
923
909
867
854
803
826
885
915
952
926
837
802
757
782
828
842
892
909
876
828
822
788
803
813
839
829
823
854
833
842
824
792
830
813
818
828
862
825
837
800
1716
805
806
777
767
754
756
788
829
842
834
856
851
853
857
834
814
832
803
837
834
810
864
849
856
882
831
884
869
811
845
829
875
834
837
892
897
816
830
860
834
831
866
909
911
894
893
880
845
803
829
888
915
901
812
815
856
870
894