722
3999
2137
711
704
725
733
737
748
733
721
703
688
685
3021
696
688
686
2314
661
653
648
645
3999
2970
638
633
636
640
640
633
640
662
650
660
649
3999
230
636
621
609
606
607
604
615
620
635
636
650
3999
3999
140
617
644
662
643
643
2320
659
657
659
3999
626
639
646
630
628
622
618
612
608
610
603
611
1941
609
1754
632
620
623
627
631
626
638
624
3999
1577
603
605
605
597
602
604
605
608
607
607
3999
874
608
602
602
596
592
595
585
587
593
599
3999
356
612
607
609
604
613
620
623
620
618
625
626
627
620
621
618
3919
625
620
619
616
605
599
603
601
3951
607
603
602
622
612
613
616
614
614
622
619
3999
899
586
599
596
596
597
593
602
600
595
597
599
602
3999
3133
608
607
610
610
616
628
620
630
646
647
646
3882
606
610
617
615
621
618
627
625
626
626
629
629
636
651
3999
1251
628
644
640
649
644
669
662
682
672
670
3999
1951
625
620
617
607
609
602
606
625
614
603
3765
598
1318
633
638
642
634
619
618
625
626
3999
821
632
618
627
619
620
636
620
628
636
637
668
647
3999
635
683
691
1025
681
675
658
666
657
682
676
2130
653
635
626
612
606
606
607
605
610
605
601
606
3466
584
583
587
583
583
586
587
582
587
587
585
592
591
3999
991
574
580
575
569
563
557
561
580
583
3999
1263
634
634
652
630
631
643
625
625
630
620
637
622
3999
1882
639
634
657
639
640
1199
653
658
669
3902
612
625
618
623
642
632
663
653
649
664
652
664
3999
1282
659
673
656
663
643
644
635
620
629
617
3999
1231
626
623
618
633
623
618
618
608
611
601
599
619
621
3275
639
648
647
653
642
651
633