729
726
720
715
692
705
678
662
658
643
591
698
719
696
731
708
712
685
703
2963
687
676
666
662
651
630
642
618
631
1715
630
637
628
647
639
621
614
624
631
630
653
628
3999
867
639
641
628
606
604
615
621
583
3338
654
623
629
633
637
635
645
625
638
631
640
1945
617
625
614
606
602
594
594
600
598
611
3802
624
623
617
601
612
608
600
612
606
588
588
1699
600
600
612
600
613
601
599
602
599
585
586
581
594
2004
601
603
597
597
596
598
604
605
584
584
620
3282
581
592
589
612
609
598
596
600
617
602
617
597
591
3665
604
597
592
602
593
603
608
615
3999
900
596
608
601
591
606
607
616
609
618
603
3745
617
613
587
590
588
586
591
621
611
604
2884
615
600
611
606
609
602
592
584
585
595
593
593
603
1699
594
600
604
607
618
610
607
602
614
603
605
608
622
612
598
595
592
583
600
610
641
625
615
632
632
637
641
639
626
3534
628
637
628
615
606
603
600
602
625
607
603
1245
608
626
616
618
617
624
610
608
597
601
615
606
595
3304
614
628
639
633
617
612
597
599
604
611
608
2900
631
625
637
632
611
626
633
616
610
620
596
590
1732
608
627
625
616
612
612
592
590
593
581
597
602
597
2886
605
594
586
587
589
595
586
587
568
570
1929
605
600
608
615
628
621
612
614
624
592
601
2885
603
621
1899
615
611
614
598
574
567
567
581
582
592
590
572
588
604
593
594
586
587
588
597
606
1735
593
595
588
585
587
1221
584
566
582
581
585
578
2505
588
580
585
587
580
580
581
585
601
594
3483
587
597
583
586
584
574
577
583
575
588
3999
328
587
567
563
577
583
584
582
589
596
581
593
596
1721
585
575
570
576
564
564
563
562
556
562
560
558
560
556
566
1700
583
581
575
583
580
567
579
573
571
569
584
593
596
2897
600
583
602
594
592
586
594
600
586
592
584
592
591
592
584
1231
581
583
1277
592
585
3365
569
574
570
565
570
570
575
580
595
586
590
1789
603
587
578
580
599
613
612
586
590
585
577
584
592
583
596
586
605
599
1752
579
585
587
583