625
630
631
634
632
632
629
611
458
747
594
593
593
586
583
584
583
583
586
588
587
588
582
365
791
570
565
568
358
814
579
582
586
596
600
1266
620
626
633
638
645
643
642
633
366
909
616
609
604
605
609
616
618
618
617
622
624
626
619
622
625
624
637
491
795
622
629
632
630
632
630
628
631
640
644
636
635
635
647
649
654
653
646
644
643
640
639
643
635
368
920
618
616
613
621
620
631
644
653
649
646
643
643
636
637
625
621
627
620
616
610
609
603
602
612
610
607
610
609
604
595
590
586
591
594
596
599
604
610
606
600
594
589
593
601
608
614
625
640
649
644
649
658
655
657
658
645
647
649
653
658
660
659
656
661
667
673
671
669
659
661
661
663
669
667
661
663
666
665
659
656
663
664
667
659
659
666
661
663
655
654
656
665
673
677
666
669
674
678
684
680
673
674
674
679
672
663
664
668
674
396
958
653
648
655
656
654
666
672
675
672
672
673
683
687
691
676
668
676
680
684
681
672
678
680
688
689
364
1008
664
660
652
658
664
673
688
683
373
1013
672
674
682
670
673
677
687
701
694
703
708
714
702
699
698
690
696
681
680
689
695
696
685
680
688
685
695
685
681
693
705
708
702
697
700
708
704
697
698
709
710
699
694
704
729
715
716
1699
695
699
695
681
677
683
686
681
674
679
685
685
394
981
663
647
649
648
654
652
648
645
632
622
622
372
913
637
637
640
652
651
659
672
661
664
665
675
681
675
672
674
682
687
679
671
664
670
669
674
667
662
666
671
675
662
662
659
666
666
658
657
654
655
659
655
653
660
666
667
656
651
660
662
662
658
659
665
670
676
667
670
674
678
673
669
662
647
636
628
628
375
924
640
640
645
646
646
655
657
666
662
664
678
679
687
676
677
688
696
691
687
697
702
705
694
700
700
695
691
689
1277
663
663
661
661
663
671
677
681
670
672
679
665
653
641
635
638
647
660
665
666
666
670
672
675
657
646
648
638
628
620
438
807
619
621
630
634
639
646
659
665
672
674
679
686
685
677
681
688
692
688
683
682
685
686
687
679
681
688
692
682
684
688
687
680
678
681
685
680
677
677
679
680
673
675
678
682
680
679
679
686
686
678
677
684
670
658
648
633
634
649
655
660
666
677
684
681
679
689
695
694
686
689
688
693
688
688
690
691
691
680
680
687
692
690
686
696
709
704
703
704
704
698
691
690
697
698
688
691
701
709
707
698
700
703
701
688
682
686
692
684
685
687
685
689
679
677
676
689
687
682
692
705
709
704
699
708
719
718
710
703
705
711
694
690
688
692
691
689
674
673
669
673
668
660
662
666
2322
661
667
666
665
664
670
681
673
665
666
666
664
659
657
659
664
657
654
656
663
674
668
666
667
669
670
668
664
666
669
671
666
660
667
668
671
666
667
671
678
672
677
675
683
682
674
673
680
693
695
689
689
697
700
694
682
686
688
695
683
681
687
688
392
996
667
664
666
659
660
668
676
683
676
680
686
688
682
670
664
667
666
661
654
652
653
661
656
657
657
663
662
661
659
664
671
665
665
675
686
690
684
683
691
696
686
682
685
693
697
686
689
693
690
692
687
683
687
682
672
666
668
667
674
675
667
667
674
683
672
677
677
684
690
689
687
693
697
696
687
690
700
702
691
690
691
697
700
695
690
699
696
691
689
696
696
691
689
695
704
708
704
707
704
708
715
701
708
716
714
710
706
708
714
715
710
704
710
717
724
709
706
707
718
706
695
691
694
692
686
677
681
694
708
711
692
681
687
695
690
678
673
677
681
676
673
675
681
685
684
682
687
692
699
691
685
692
689
686
684
699
701
708
699
700
708
710
696
687
683
681
680
670
669
673
681
683
685
681
693
690
692
690
695
703
701
690
698
701
703
696
694
700
703
695
691
684
685
682
667
668
676
673
668
663
661
667
667
665
662
662
659
387
951
645
637
640
647
640
640
649
657
666
663
666
677
683
682
674
677
687
684
681
672
682
682
680
670
669
671
679
683