712
806
764
747
694
672
722
768
750
826
841
864
821
774
795
873
932
887
837
829
865
894
873
936
979
935
930
932
892
844
864
912
967
906
884
870
907
876
862
896
929
852
805
832
913
954
942
892
875
907
886
865
904
961
943
879
858
862
857
814
840
877
894
875
871
898
892
853
809
802
845
851
849
827
881
869
836
807
844
957
1016
964
924
914
911
862
845
836
869
862
894
967
939
930
898
845
831
835
832
828
867
864
835
921
954
914
885
868
849
803
792
832
966
965
1003
926
854
831
850
851
797
785
717
742
833
808
794
845
892
888
838
818
845
856
813
787
823
890
878
886
900
918
891
851
840
846
822
794
820
866
892
870
816
813
812
822
800
878
870
886
865
856
882
865
801
766
774
843
927
937
946
921
875
853
846
834
834
840
863
869
841
804
851
881
853
884
968
968
923
859
829
815
827
855
952
1033
975
967
982
908
875
882
890
880
899
931
924
876
871
875
842
825
891
942
892
905
934
913
920
997
955
886
863
851
850
881
969
1050
974
984
959
905
875
882
859
853
856
838
868
874
888
902
882
841
824
796
810
775
709
760
940
886
894
897
845
806
828
863
866
858
958
1014
952
939
946
894
825
819
840
873
895
919
979
1019
948
910
912
890
842
834
860
884
873
879
920
911
875
835
844
875
876
865
891
892
873
846
836
875
899
895
916
956
950
951
947
904
890
881
879
846
854
878
949
962
909
885
908
952
916
870
841
874
869
876
888
937
900
895
922
943
945
908
899
924
878
884
914
961
924
918
925
869
819
822
845
886
886
883
919
879
853
870
934
955
963
1000
990
927
895
879
862
816
856
909
902
876
885
902
863
832
849
862
864
862
863
898
883
854
880
893
882
844
830
845
851
857
870
857
762
731
785
832
829
848
838
800
846
861
863
831
821
851
873
878
862
851
875
877
855
851
893
863
852
824
836
850
833
815
827
874
948
984
1007
1014
952
972
952
897
859
841
852
863
868
911
907
868
850
814
819
836
833
817
843
875
889
843
809
837
846
864
808
834
860
883
864
830
826
823
772
791
862
875
882
864
845
833
808
798
817
833
843
930
1004
1011
947
916
915
861
842
865
942
981
960
981
972
901
916
918
872
851
845
875
963
954
952
985
938
913
924
894
864
880
888
878
828
846
883
909
915
878
854
865
857
840
812
848
867
900
896
927
965
952
875
834
813
799
799
827
866
800
752
870
851
914
929
892
840
822
842
862
833
845
866
911
875
863
918
906
864
849
846
830
852
874
858
840
845
872
847
857
848
839
846
846
825
817
839
873
894
868
861
881
921
887
886
902
927
876
857
869
890
866
864
907
930
882
866
882
901
872
896
955
930
905
906
915
865
853
875
919
954
921
908
900
861
849
887
922
908
933
946
910
891
870
877
882
841
833
865
918
867
813
800
859
883
883
934
936
824
735
754
750
726
772
796
850
825
830
877
905
858
859
884
911
879
887
890
848
832
885
939
932
919
905
910
887
877
919
961
897
860
873
894
886
915
957
988
946
891
887
882
848
830
868
883
842
837
875
889
837
842
869
855
855
