839
860
860
871
869
836
827
884
882
875
918
893
945
947
916
911
955
952
921
957
950
898
953
969
914
952
974
930
937
946
907
932
958
936
917
958
962
925
914
958
959
924
918
943
929
914
963
956
902
939
963
943
910
929
916
914
916
890
923
935
906
893
926
916
887
913
928
896
899
936
925
894
931
914
898
932
930
894
931
938
902
906
948
925
916
942
929
924
941
933
922
947
931
907
940
934
944
973
963
1000
958
954
969
915
945
967
937
921
961
935
945
973
938
904
936
915
907
951
957
918
958
961
930
963
966
916
953
951
913
951
948
933
971
980
947
974
935
948
960
920
965
937
937
998
1012
955
973
972
928
964
955
929
960
944
908
916
911
898
886
923
899
891
921
897
876
910
906
884
917
925
897
921
936
905
916
929
900
895
923
916
895
926
939
909
936
952
914
1656
903
928
905
900
934
910
912
935
893
906
926
890
896
929
903
894
923
932
905
936
949
905
922
936
909
901
933
932
904
938
959
922
915
947
920
912
951
937
916
948
932
907
931
927
896
931
928
905
945
931
905
947
928
911
941
928
900
936
942
903
934
939
909
911
944
919
904
942
916
894
927
915
1652
886
910
934
903
901
919
873
895
908
880
916
940
907
928
936
898
927
927
882
905
917
877
913
936
894
902
938
916
895
935
922
893
923
907
884
930
918
890
940
935
901
941
920
897
936
917
898
939
939
893
923
932
898
907
924
904
890
930
911
895
945
918
904
943
927
891
923
930
893
922
931
890
909
929
893
912
931
887
904
924
896
888
924
920
891
928
922
892
919
923
887
910
933
897
900
934
923
892
924
917
884
919
936
903
933
945
906
896
926
889
884
916
890
879
922
916
887
924
925
887
925
938
896
926
944
904
930
937
902
934
939
899
915
940
897
892
924
889
891
935
903
901
936
924
893
935
936
888
906
922
877
895
922
909
891
932
937
897
908
943
945
907
931
956
926
904
943
945
898
917
934
936
912
948
936
909
952
927
918
942
896
917
927
889
901
930
885
905
926
885
897
931
903
893
932
919
882
911
908
873
899
916
887
927
949
906
889
923
898
880
916
906
884
931
928
897
934
941
898
930
937
889
887
922
891
876
916
896
875
911
902
874
913
917
887
919
939
898
921
937
897
905
926
898
888
924
906
888
934
927
902
953
960
914
944
937
902
946
934
903
946
922
897
938
909
888
924
916
888
930
930
890
917
919
880
893
912
871
884
914
883
876
917
893
879
923
912
882
919
902
867
905
890
872
909
888
872
910
896
877
916
908
875
910
896
873
909
898
875
908
896
873
910
915
872
895
913
873
888
906
862
876
895
865
855
850
875
872
852
891
899
861
879
905
885
875
916
914
876
907
913
875
886
912
907
878
921
930
888
899
920
892
875
912
893
869
908
888
873
917
899
879
922
906
882
924
914
885
924
928
886
917
922
882
915
937
914
899
944
939
898
927
918
878
911
894
868
909
909
