803
792
793
786
775
767
780
805
843
842
842
826
805
819
850
857
849
817
814
814
812
826
809
837
862
880
893
849
1709
822
3366
812
817
802
806
836
836
825
805
808
779
818
836
876
880
853
874
865
865
861
1751
850
860
826
847
857
858
835
859
859
862
825
844
829
844
781
753
705
726
803
858
844
809
831
817
818
814
838
827
832
818
816
827
822
818
776
794
817
845
847
833
837
850
842
834
813
820
814
828
820
857
858
857
829
848
844
841
805
803
804
797
792
817
833
825
815
3999
459
845
838
838
867
874
859
841
826
803
805
797
795
776
759
785
801
803
802
772
799
806
804
798
780
776
781
779
796
797
791
800
815
823
824
824
813
825
823
821
821
802
810
807
803
812
804
826
823
814
784
759
775
782
791
806
809
841
833
829
797
792
806
802
794
817
833
833
813
815
819
799
793
822
823
809
842
854
833
816
829
812
784
756
789
818
841
845
850
851
835
814
781
758
767
782
800
797
767
757
781
788
784
764
764
758
736
713
710
692
719
751
770
807
837
834
826
805
820
810
797
773
780
812
807
791
779
803
799
784
749
711
720
790
803
821
809
798
819
833
826
817
805
797
795
772
763
770
779
808
807
819
825
821
822
809
792
786
777
802
788
779
3520
752
744
772
791
806
800
823
811
785
794
480
1147
797
790
800
819
824
817
838
843
826
805
813
810
810
815
837
847
833
829
814
766
768
772
800
799
774
791
817
828
804
765
756
755
754
744
764
794
816
812
830
842
826
793
809
813
798
803
806
827
849
849
837
801
785
795
806
805
796
792
797
805
802
782
800
820
790
776
787
788
771
759
773
781
769
773
795
812
812
782
786
789
771
770
803
813
811
787
828
823
812
784
779
797
821
825
799
787
802
795
815
812
815
845
846
861
817
815
827
837
829
829
833
827
825
839
863
867
849
825
844
843
842
834
856
839
819
780
795
802
793
778
800
790
767
755
734
709
675
649
648
685
722
749
781
792
781
766
767
776
780
795
796
779
764
718
672
673
702
776
811
839
838
796
760
752
750
753
738
750
782
802
787
773
753
768
776
773
744
720
696
680
697
732
734
709
745
811
811
832
810
762
757
767
772
768
778
768
748
758
785
823
859
835
812
811
805
796
778
750
754
753
754
760
754
786
811
806
777
758
760
781
791
762
766
765
749
734
724
683
702
739
774
809
799
832
809
796
777
774
733
711
3523
795
803
804
796
759
765
785
784
785
762
805
830
829
824
827
811
823
818
805
799
801
824
845
852
845
824
804
805
813
812
792
775
1738
792
791
772
785
791
797
785
760
768
774
790
791
773
755
767
792
804
785
761
750
748
755
764
752
709
689
685
739
809
809
798
775
764
763
778
776
785
786
778
755
773
777
807
805
782
757
766
764
777
794
788
757
764
780
819
838
820
805
813
815
807
778
761
765
787
803
791
769
774
783
789
807
805
791
754
762
776
802
822
800
779
731
726
724
765
827
838
831
819
774
748
735
752
781
817
826
798
773
778
801
810
811
788
776
775
796
824
844
824
786
751
749
749
763
809
822
857
833
788
796
811
835
849
837
811
763
717
718
725
787
789
806
777
742
745
768
780
791
770
753
764
753
752
741
979
740
729
763
787
1722
794
788
773
749
754
756
786
816
831
803