2037
850
929
851
797
812
918
924
843
990
979
894
969
903
864
936
966
916
986
998
897
926
935
868
907
929
878
916
890
879
845
901
1007
885
824
883
965
882
844
914
943
930
922
1004
917
941
957
905
877
971
987
967
999
882
868
939
902
851
820
938
1018
892
845
893
955
904
863
909
991
907
846
818
920
979
913
868
967
872
892
928
913
928
927
852
891
976
869
857
914
924
903
985
983
957
885
893
939
857
915
901
846
950
867
893
975
1012
872
809
888
948
881
828
907
994
940
984
1011
905
815
829
966
850
862
971
1025
1059
948
912
951
1014
975
924
945
1003
992
960
948
971
974
911
879
949
1013
920
920
1009
1041
922
894
947
985
910
884
927
1008
906
919
984
1003
938
885
974
891
861
895
989
998
958
990
963
925
949
938
922
964
899
920
867
882
932
952
930
902
952
962
918
886
915
931
920
875
895
915
899
897
921
914
937
959
920
982
1000
950
953
946
841
828
865
935
875
924
978
872
845
875
938
936
878
924
919
856
815
849
897
843
899
948
950
912
913
856
816
862
911
889
898
958
900
921
961
881
833
899
945
920
874
970
930
889
856
943
1653
847
887
941
1653
916
831
1153
958
882
830
844
950
1055
1030
914
849
929
979
992
845
827
897
1034
1013
886
935
960
884
870
790
809
803
902
878
848
901
929
944
960
880
847
821
895
942
922
875
919
948
928
951
936
937
953
902
935
904
916
985
954
976
981
961
934
947
930
889
882
904
998
1022
917
875
855
958
1039
1007
946
969
932
946
975
918
976
918
980
990
1015
1007
992
1014
1022
997
951
1006
1041
982
1049
984
1032
995
983
953
958
979
981
1134
1050
1001
1013
979
936
942
942
916
914
923
947
934
931
1164
979
921
954
927
918
911
953
1185
1006
935
941
925
924
937
953
929
955
1157
1016
959
917
916
921
906
908
919
931
913
928
924
908
908
890
884
896
895
886
901
908
904
917
917
903
917
911
894
899
902
896
884
898
906
881
878
875
794
917
846
855
867
869
871
880
892
890
884
891
889
884
882
893
895
895
899
901
885
896
891
888
884
894
900
897
909
906
894
903
902
898
889
896
895
883
890
889
875
877
885
881
882
899
901
905
899
904
909
900
901
909
899
901
917
915
906
920
917
909
922
909
901
915
916
906
915
915
913
913
916
904
914
909
901
913
916
902
913
916
892
900
916
926
891
903
934
958
925
918
935
929
911
901
907
919
929
908
930
941
939
926
939
1622
925
904
916
923
918
909
926
929
924
928
941
929
917
928
927
922
912
924
921
916
922
918
906
902
920
923
907
911
924
926
916
907
916
914
900
902
908
913
895
889
898
901
913
923
915
920
912
908
908
831
901
956
899
914
913
916
926
931
939
940
927
924
930
927
918
927
934
925
935
931
920
911
921
916
899
905
1154
905
914
905
903
919
910
918
921
913
905
912
901
900
904
900
913
921
912
921
917
902
897
901
891
881
886
884
871
875
876
885
892
889
910
902
903
910
914
908
901
908
909
909
902
905
905
904
899
896
890
899
2027
899
894
895
893
895
906
902
894
912
912
898
902
909
910
899
899
912
909
903
905
916
917
916
923
912
915
923
916
906
907
910
933
914
911
922
921
916
914
913
914
907
888
933
938
913
914
925
845
843
888
925
899
912
950
989
935
926
938
941
937
934
946
939
937
937
939
934
938
951
946
941
951
944
946
950
932
929
940
940
923
930
937
917
929
929
922
931
919
907
804
798
869
811
906
947
906
911
922
905
901
902
902
901
889
894
901
903
894
895
901
822
771