809
832
869
791
751
763
794
847
782
767
765
787
770
755
777
814
893
928
876
837
815
816
807
787
764
769
783
789
784
801
819
818
804
789
787
773
761
735
732
734
803
817
820
861
853
822
807
790
744
724
714
740
754
770
803
858
856
876
875
876
856
831
793
769
764
768
767
765
763
759
763
779
814
808
840
828
775
779
783
769
767
783
795
792
792
806
790
816
798
798
769
763
760
757
756
762
769
795
797
771
772
762
765
760
749
731
722
707
711
721
734
726
736
721
707
699
697
706
709
713
723
735
749
765
796
797
756
735
751
759
746
711
695
693
696
695
705
708
744
764
740
734
752
751
750
737
728
714
707
711
699
699
715
727
739
734
721
742
748
763
751
718
709
711
725
739
755
765
748
733
735
752
736
737
746
776
792
781
744
745
743
748
752
783
773
753
737
750
769
768
773
791
802
813
778
758
764
804
819
772
754
745
755
789
781
775
737
731
735
738
807
861
859
816
799
829
841
812
762
762
767
765
771
752
730
757
799
755
728
737
751
737
741
783
789
771
803
826
831
794
791
820
822
786
741
728
740
762
790
772
801
836
821
803
764
756
779
816
824
816
816
807
775
731
714
714
721
757
754
766
776
826
881
853
818
804
796
791
769
760
755
780
796
796
822
843
900
881
841
853
819
769
752
761
728
722
723
750
787
814
803
827
822
814
826
791
790
793
797
813
833
852
868
902
871
817
814
811
801
816
797
812
820
818
787
786
807
832
860
868
882
849
833
819
789
772
740
715
721
753
766
767
787
821
833
811
802
792
785
767
776
761
762
788
784
772
799
790
825
806
787
776
776
783
807
833
848
861
873
863
845
833
821
756
736
738
747
741
729
748
738
717
730
781
815
788
838
814
843
864
898
889
867
840
821
788
787
821
824
780
781
824
817
791
768
808
869
900
880
874
792
776
763
757
766
784
792
771
778
847
872
907
869
849
861
860
848
815
844
866
868
873
840
846
830
799
785
783
783
754
731
736
772
796
795
801
792
769
755
762
757
768
763
798
828
833
795
792
798
813
779
789
758
723
719
740
787
835
766
744
754
802
842
797
744
732
739
708
689
677
666
699
726
766
803
858
887
861
842
808
797
801
776
782
793
813
811
824
790
799
797
784
763
764
776
800
785
788
748
757
782
801
820
825
837
826
795
770
766
760
762
750
780
778
798
813
818
798
759
743
754
747
763
770
758
727
717
741
763
741
742
734
737
718
728
756
773
764
738
724
748
770
755
754
799
851
836
855
835
777
752
734
738
730
736
734
757
794
850
850
868
853
811
796
812
793
749
738
756
745
756
782
782
777
796
799
812
820
833
833
831
829
835
822
806
798
793
784
760
725
746
767
829
840
816
760
782
785
787
797
791
795
777
788
786
783
778
755
760
767
756
729
723
732
760
790
816
828
805
780
750
741
753
799
782
758
773
787
816
822
834
839
819
795
790
765
749
739
754
760
808
847
841
846
841
839
836
852
854
830
792
796
809
801
826
844
805
796
805
773
774
740
757
791
798
763
775
770
753
755
748
732
741
772
805
773
793
823
811
830
807
775
782
777
776
777
770
743
740
764
768
764
783
741
712
701
722
769
711
710
676
692
746
823
842
793
771
789
793
784
767
757
740
737
737
752
816
830
868
872
893
884
892
844
839
823
828
809
785
781
793
837
855
838
836
820
822
816
797
812
792
771
799
838
830
809
810
841
811
840
831
808
766
733
746
763
773
770
793
804
797
818
860
816
774
776
753
513
875
883
859
827
811
796