557
557
558
571
733
888
907
951
962
988
987
966
970
908
843
831
837
812
834
809
764
785
784
752
733
735
757
752
722
709
750
782
782
815
834
792
793
827
818
777
764
794
819
793
763
743
749
703
685
697
734
715
701
722
783
801
775
812
816
790
751
769
783
775
751
756
778
756
747
759
760
741
713
719
740
776
790
773
779
747
722
708
710
719
725
746
779
796
773
780
759
715
692
687
686
666
653
656
657
663
661
669
676
709
761
788
786
802
805
757
743
729
697
681
681
685
678
665
647
667
676
702
698
709
739
743
726
696
684
682
687
685
664
666
673
699
706
708
700
714
712
703
700
684
682
660
660
665
689
718
725
742
739
729
734
720
701
678
666
654
662
647
641
647
666
671
691
692
704
708
732
711
701
678
658
651
645
635
645
683
726
753
742
715
698
684
687
685
664
640
644
641
635
627
630
643
636
632
636
641
670
686
679
653
647
641
628
619
631
639
632
644
664
673
673
666
655
636
621
610
607
622
627
637
666
720
713
704
699
679
656
642
639
635
628
622
620
625
633
645
727
750
720
706
703
703
689
675
651
631
619
603
591
595
593
596
586
597
631
796
827
825
784
732
687
664
666
656
644
627
614
615
622
632
655
673
683
668
660
636
626
625
634
645
668
649
633
626
620
611
608
617
661
687
700
663
672
668
641
652
634
626
636
638
651
680
687
743
750
768
750
733
708
695
681
669
647
630
618
613
614
611
607
618
635
653
674
699
711
694
673
678
666
657
652
657
640
672
672
672
666
658
655
651
656
668
679
668
651
659
666
666
651
651
666
684
693
687
685
648
633
648
660
684
675
686
708
702
695
708
682
673
663
658
635
625
618
639
704
760
780
787
858
857
833
816
757
713
697
668
649
630
618
621
630
643
650
656
679
685
691
715
711
713
746
695
682
693
699
697
695
683
669
663
649
640
629
628
638
641
639
654
657
655
635
654
660
673
715
707
708
716
700
692
706
708
708
694
657
669
667
651
654
677
702
682
668
682
705
703
696
735
733
740
751
746
758
734
712
694
682
692
674
661
649
646
654
681
681
665
668
671
690
666
645
642
667
660
708
691
718
702
739
709
717
674
682
658
658
659
658
674
668
669
683
669
675
672
654
656
658
662
664
642
641
649
629
621
634
664
689
688
681
650
633
633
635
659
684
683
663
634
617
614
622
628
621
628
631
653
664
670
683
667
666
673
660
654
641
649
661
677
685
685
691
675
658
654
649
639
632
626
622
616
610
613
627
638
676
717
786
792
781
790
765
716
719
719
679
654
648
629
625
622
615
638
723
808
856
854
800
825
784
722
687
671
668
667
652
637
628
623
623
624
625
639
655
656
640
644
648
631
637
642
636
628
629
627
639
625
620
631
685
694
704
723
732
706
681
693
688
666
659
663
695
689
673
691
695
686
657
650
648
648
640
630
629
642
646
650
651
656
655
631
626
662
709
733
704
699
708
689
683
679
654
635
616
612
608
618
630
648
701
705
727
723
690
670
669
660
661
636
629
628
639
622
614
611
629
666
659
649
671
683
666
666
647
647
645
656
635
625
636
657
641
632
632
647
637
621
615
612
609
606
606
617
630
625
630
635
644
655
659
644
643
669
672
643
648
641
624
612
615
627
618
618
632
665
668
678
710
730
734
708
672
664
666
658
654
654
654
671
671
656
668
690
711
707
687
691
678
647
633
658
670
658
648
650
646
642
643
648
652
668
678
695
737
717
726
728
723
702
690
674
654
639
628
623
627
639
635
638
656
675
697
708
684
692
714
687
682
671
663
643
634
628
621
621
622
625
634
640
643
641
657
700
699
669
655
661
666
650
631
628
629
628
615
609
616
611
609
612
626
643
653
650
668
695
696
694
686
676
661
640
629
620
624
638
651
655
667
692
713
708
685
656
646
650
639
621
615
612
609
603
591
594
606
650
668
695
728
794
789
718
693
709
691
699
736
704
674
667
656
652
683
692
693
701
723
727
737
775
801
850
869
896
891
875
825
836
805
773
746
732
694
678
680
704
707
729
722
751
756
747
727
715
665
651
652