105
708
704
681
688
683
652
672
657
2419
629
602
586
577
576
629
713
760
726
708
660
670
673
652
625
607
620
674
709
778
738
724
668
637
635
670
666
633
636
646
644
645
652
647
631
648
640
624
602
585
584
574
597
628
673
673
649
680
662
666
672
654
629
621
592
609
640
689
698
760
747
673
625
634
776
791
806
803
757
763
719
728
742
764
800
758
791
780
795
710
712
750
711
708
751
799
808
793
803
772
759
726
749
704
687
746
750
756
774
728
666
663
673
688
660
652
664
661
625
647
634
631
622
624
619
618
621
605
604
638
658
674
704
646
668
664
666
666
636
607
614
613
653
709
678
731
696
663
708
667
669
697
683
729
710
678
663
637
641
681
708
705
656
687
705
756
738
665
657
641
622
598
583
676
795
785
803
724
665
664
678
716
774
715
706
682
715
660
702
730
745
758
727
719
715
664
649
721
751
744
737
686
671
627
623
665
705
653
708
724
681
737
678
692
691
656
655
641
640
641
632
608
593
597
605
640
705
794
750
707
750
687
666
697
704
694
799
800
725
727
761
766
738
787
757
746
727
682
637
662
634
602
612
622
738
817
793
803
769
686
677
649
627
606
629
666
693
761
792
793
781
740
671
683
705
674
667
663
691
699
685
657
679
708
659
701
722
666
618
593
647
715
735
720
710
701
662
623
637
642
687
718
748
741
729
1715
642
637
631
653
678
649
662
650
669
1015
631
646
630
653
648
622
639
625
654
679
666
641
651
645
659
657
647
633
623
666
645
624
638
637
623
646
662
648
629
658
638
650
651
655
683
692
715
695
671
707
680
685
688
657
708
678
673
693
656
672
661
684
703
678
704
762
711
696
738
685
701
708
661
682
684
637
640
715
735
730
716
674
673
657
1704
636
690
667
676
646
648
620
607
592
582
582
591
612
615
661
692
706
694
709
649
676
655
669
647
675
664
674
640
612
628
676
653
691
688
679
667
619
618
611
623
621
638
620
630
606
604
626
624
599
596
605
611
637
692
701
633
639
650
664
623
639
641
612
642
680
651
636
633
712
708
759
754
750
708
690
663
658
670
669
671
685
684
658
664
676
713
700
668
720
701
675
720
734
773
765
728
729
680
703
672
709
742
734
765
798
738
752
767
702
688
711
705
709
705
680
633
659
691
725
700
684
677
671
629
662