685
710
728
695
3999
806
639
634
1932
697
721
672
678
2236
652
668
658
664
661
660
662
671
696
670
703
704
2430
650
636
632
647
1819
691
674
673
676
675
2514
659
639
667
658
1458
625
639
625
3889
636
644
627
625
636
618
609
617
616
614
630
639
652
649
1803
647
1428
611
624
620
606
612
621
598
612
642
1868
659
2982
644
652
625
631
610
624
630
618
610
3470
625
655
612
601
628
632
612
622
632
629
628
656
2977
647
678
647
624
645
646
1801
647
656
677
1768
659
642
632
656
627
648
666
1436
640
660
633
635
1780
666
708
678
651
677
656
648
655
654
635
649
643
643
3886
625
636
625
630
644
634
653
701
684
689
3999
292
666
653
658
670
648
652
684
683
667
679
3999
945
634
640
624
608
605
1847
627
605
614
632
626
610
2967
646
625
622
597
583
1877
545
540
542
555
559
3999
1899
607
610
609
1322
625
602
690
654
3299
644
658
673
648
659
650
638
630
623
653
615
618
642
689
688
1999
705
663
655
645
613
596
616
624
629
640
708
649
3953
634
622
607
620
641
622
583
589
608
655
737
698
709
663
657
2304
635
669
666
647
650
637
611
598
602
639
627
660
646
2446
649
648
680
651
618
621
632
610
635
643
634
676
665
682
3999
882
671
641
609
624
622
604
644
648
689
670
3225
639
631
641
668
696
670
649
639
615
596
595
583
607
3309
633
622
618
612
628
615
613
600
581
576
571
601
609
633
3999
387
613
604
606
586
587
1883
627
653
610
588
3955
634
661
658
621
1922
679
659
679
697
722
2923
647
635
676
642
2826
625
652
662
3356
635
631
626
647
632
635
1350
652
656
649
630
656
3714
659
656
1939
693
666
3999
948
681
718
650
656
1933
659
655
678
704
646