748
736
754
777
789
758
746
763
783
771
748
762
789
787
775
747
767
767
767
735
746
771
793
802
779
733
718
737
779
787
759
742
748
755
772
740
735
746
769
790
779
750
732
750
759
757
720
731
731
738
725
698
685
679
682
703
728
761
725
716
721
740
757
760
730
727
733
737
745
744
709
699
718
745
753
743
710
696
717
763
791
822
777
763
773
800
813
785
758
755
751
764
740
734
728
750
792
807
754
745
746
767
769
755
738
742
740
748
760
718
720
719
722
741
715
705
711
734
751
774
779
744
746
733
726
735
753
755
724
668
640
662
685
726
711
716
752
777
828
743
703
671
675
694
725
763
766
732
735
732
758
791
800
720
679
690
694
691
692
704
726
736
711
715
732
757
714
719
694
657
645
638
625
618
636
692
756
781
826
853
844
858
812
781
771
782
832
786
743
761
789
831
839
844
832
787
720
691
641
637
652
709
759
746
788
813
808
754
766
795
825
831
791
741
750
763
816
831
791
762
759
793
811
778
750
764
767
773
774
745
728
730
749
754
727
742
739
766
791
819
829
758
689
697
711
695
692
692
3999
101
661
664
660
677
710
760
785
792
749
730
725
748
783
767
752
777
791
787
750
733
723
703
688
675
662
651
657
683
729
777
737
713
706
704
686
683
645
651
687
704
745
784
789
749
740
776
799
791
755
746
770
781
802
798
739
726
721
734
723
725
717
2380
827
870
870
799
783
802
797
801
752
750
777
824
860
779
747
741
735
738
732
734
744
754
754
732
717
721
731
722
691
679
680
683
722
766
715
672
689
711
707
697
703
723
737
698
698
703
717
729
723
1791
651
663
713
758
791
805
808
818
809
807
763
800
812
844
851
801
748
695
651
655
687
741
798
786
1456
789
765
750
739
705
699
700
728
775
773
743
758
787
813
835
799
754
745
752
756
1024
701
691
706
746
803
774
725
716
691
654
666
706
743
717
720
727
734
727
706
683
671
666
686
717
735
720
732
752
732
748
727
716
713
707
1328
645
666
689
715
744
727
734
564
712
695
672
643
639
624
608
597
592
589
627
689
740
780
812
857
845
863
852
841
848
862
839
863
874
874
880
874
845
819
756
738
724
743
807
899
858
855
852
791
760
730
714
710
692
657
672
716
811
809
750
765
786
807
813
770
761
775
793
817
820
809
762
774
775
779
784
761
730
743
759
782
780
774
803
803
783
750
750
748
760
759
745
725
722
731
2396
768
746
733
742
751
553
699
676
674
684
682
656
630
644
670
699
737
740
718
714
729
742
752
754
717
711
710
715
734
759
732
740
749
759
772
764
750
728
725
729
734
746
738
720
707
707
714
730
737
721
721
729
735
760
750
729
721
723
742
767
782
777
736
734
727
740
757
778
752
729
717
720
732
741
753
754
765
775
785
802
738
680
681
705
729
735
738
775
818
815
776
753
775
793
793
780
741
744
768
830
851
806
738
718
713
735
760
758
787
813
838
860
851
799
800
800
805
824
788
762
761
767
796
829
792
797
819
834
1780
755
747
726
721
720
724
753
837
843
793
752
728
712
701
666
662
649
636
625
618
625
674
708
756
812
835
836
822
812
824
852
844
819
808
802
826
814
799
790
778
777
737
708
688
687
685
711
742
739
740
752
782
1300
738
740
580
777
762
774
802
848
840
855
850
804
810
798
766
744
1306
797
811
800
778
791
796
802
809
801
768
747
750
760
771
791
772
777
783
797
809
784
752
742
742
753
760
564
750
764
779
782
752
751
754
745
749
743
728
734
750
