843
869
882
897
876
856
822
826
854
849
890
921
929
886
848
861
863
869
879
876
893
912
921
916
895
887
867
842
863
881
862
864
886
896
872
906
906
896
870
865
834
809
795
816
828
859
861
839
847
854
878
869
884
889
908
886
896
913
919
894
908
913
916
894
923
955
959
923
958
969
952
918
932
911
870
880
905
946
932
935
946
928
898
913
925
910
908
922
919
879
875
872
864
833
851
860
850
859
868
861
831
836
830
816
830
830
821
805
817
826
815
829
839
847
833
840
840
835
833
837
842
823
833
842
846
859
879
894
876
900
901
881
855
860
855
837
844
872
904
896
900
909
907
878
894
901
893
868
888
895
873
894
891
874
900
923
914
903
899
861
861
868
876
854
867
873
888
878
895
906
910
877
884
888
895
875
878
874
855
865
875
875
847
875
878
859
861
868
870
837
832
815
781
787
791
791
790
780
772
767
774
781
796
818
817
833
851
865
880
876
883
870
847
857
884
895
864
874
871
850
871
884
874
884
872
872
899
906
898
871
880
888
903
909
940
948
926
935
924
933
927
959
966
896
925
934
867
894
917
878
896
908
888
866
882
888
871
874
873
856
847
839
837
821
831
845
839
847
854
865
846
857
860
859
853
865
874
862
863
863
874
866
860
863
857
840
857
877
875
857
868
873
862
846
852
850
839
830
843
856
846
841
850
864
855
852
856
861
849
849
854
863
849
851
856
859
843
836
842
850
849
853
867
883
870
875
874
873
853
860
862
868
857
868
874
869
853
869
885
874
870
884
899
875
875
883
890
870
883
892
893
870
876
873
849
864
877
868
861
864
857
843
848
853
846
862
870
871
856
869
868
850
849
851
853
841
862
876
875
858
872
873
862
856
869
875
867
870
878
883
862
873
878
876
859
873
872
844
854
860
841
837
844
850
842
857
872
879
865
874
877
853
858
858
848
835
844
853
846
850
861
867
842
837
815
791
797
802
819
813
853
873
871
865
866
864
840
845
837
823
803
815
828
852
849
885
905
898
893
898
888
864
869
861
847
842
855
857
843
872
877
861
872
875
864
857
863
873
861
871
891
927
908
917
913
929
916
912
926
916
912
973
995
968
915
936
953
908
927
955
941
940
965
949
912
939
945
902
899
910
908
874
895
896
861
868
867
845
836
840
836
823
842
849
831
860
875
857
879
886
875
894
898
887
854
866
866
852
857
875
881
871
893
883
884
889
884
870
893
914
905
902
936
951
936
916
934
930
891
884
904
905
882
914
937
903
910
906
870
877
881
869
868
886
894
868
887
882
852
869
872
861
875
891
888
867
887
889
869
876
878
856
863
866
883
856
877
886
875
856
860
860
847
882
912
918
908
908
873
872
875
883
859
866
869
867
861
895
909
893
893
895
884
852
859
855
858
841
867
886
877
886
913
926
907
893
882
877
845
856
849
817
804
793
784
786
796
808
800
813
830
818
819
822
820
810
822
837
842
833
849
861
859
873
883
888
868
876
882
890
871
883
888
872
870
875
864
854
875
881
870
871
876
879
856
848
849
853
841
856
871
882
873
888
897
900
874
