812
710
682
698
676
688
705
738
749
754
720
737
753
781
790
770
762
758
779
750
733
745
784
785
728
681
714
763
763
716
722
696
680
676
678
687
704
728
723
718
740
772
810
827
831
810
793
756
740
733
724
730
750
753
768
793
794
783
784
750
729
702
687
685
704
704
711
704
693
676
683
699
728
704
697
688
674
674
680
678
677
672
666
666
667
672
699
670
680
685
682
686
668
664
647
639
640
642
654
662
658
666
654
656
669
705
711
713
687
698
703
703
681
676
664
656
651
651
664
697
658
671
680
680
695
686
675
664
675
688
685
691
672
676
676
670
674
676
671
664
638
635
657
704
707
705
668
691
708
714
731
731
704
704
694
699
734
702
708
689
702
699
690
688
673
665
661
663
673
688
707
683
725
698
742
698
710
702
687
693
707
734
747
756
713
709
709
713
737
740
709
704
699
709
738
740
704
687
671
664
663
666
666
663
654
652
652
652
661
655
649
647
650
658
657
653
647
640
650
659
677
720
710
674
675
659
654
655
648
643
642
653
657
694
669
672
674
678
673
680
678
669
663
666
666
670
660
663
675
680
691
716
672
670
680
688
680
676
660
654
653
680
727
748
755
749
711
751
722
731
713
682
669
662
667
686
721
696
711
696
710
739
714
711
708
718
724
725
715
707
695
700
708
716
697
687
668
665
672
670
670
670
670
672
663
666
665
681
690
688
690
700
728
720
733
692
694
705
728
726
1863
680
690
692
694
682
693
697
732
703
703
684
686
690
691
686
672
666
676
677
696
694
683
657
650
1381
627
626
642
689
711
743
739
692
700
698
682
671
661
665
658
674
699
689
695
693
677
691
711
740
712
708
697
678
688
696
1368
759
731
692
1372
696
685
673
664
659
656
649
645
636
635
629
641
672
723
738
740
697
687
681
678
677
683
688
705
748
755
773
798
802
768
733
723
716
704
727
750
770
771
760
761
755
738
764
704
695
679
672
670
662
643
623
627
636
641
686
698
681
684
668
665
660
662
661
671
675
678
687
692
727
698
708
700
696
700
729
693
700
703
711
733
713
716
716
720
719
695
690
679
687
702
730
703
702
696
701
707
708
688
670
667
673
690
704
692
690
699
709
731
697
696
674
666
669
671
686
671
672
661
689
748
746
742
709
708
694
698
676
659
648
643
653
704
733
758
748
750
720
724
690
679
661
654
646
639
642
645
654
666
679
710
687
691
683
684
686
680
667
659
661
661
670
672
667
659
656
653
658
668
674
681
670
672
679
671
662
660
643
634
636
646
649
647
655
662
664
679
1862
694
693
697
695
685
673
663
657
657
669
672
668
664
654
665
658
643
621
618
618
621
623
646
695
726
741
727
708
706
709
687
704
700
703
718
750
762
752
713
721
710
754
762
755
726
721
726
750
756
762
726
714
708
709
721
720
710
715
749
777
829
795
787
766
728
724
704
701
714
719
753
757
759
771
769
757
725
715
2433
741
2311
763
754
720
716
718
740
1831
750
2095
714
709
3999
1587
677
2266
729
738
718
747
719
759
713
716
693
696
706
736
709
701
689
688
680
698
732
705
718
713
770
746
714
699
674
659
1280
681
2319
664
655
1840
658
653
2587
807
828
816
774
3999
2261
766
768
763
743
772
752
724
712
695
682
679
659
655
658
666
677
679
671
657
663
661
667
669
664
645
643
651
668
703
686
725
680
672
658
652
671
675
674
661
655
653
643
632
620
612
596
589
587
602
618
663
666
685
701
716
691
680
679
697
731
735
747
750
712
719
730
746
704
708
696
684
689
700
730
706
705
703
732
733
746
711
708
704
719
738
711
712
