1052
1138
1150
1066
1967
1078
1156
1088
1021
1079
1138
1071
1063
1066
991
956
1018
1177
1155
1048
1090
1164
1069
1064
1138
1094
1061
1129
1112
1082
1150
1196
1163
1951
1113
1110
1194
1153
1115
1171
1164
1052
1046
1173
1148
1091
1151
1118
1060
1103
1121
1071
1150
1968
1152
1056
1064
1060
946
916
1018
977
1071
1177
1109
1202
1189
1168
1220
1135
1145
1155
1110
1133
1152
1991
1105
1116
1137
2497
1130
1162
1144
1113
1167
1135
1108
1133
1100
1140
1150
1080
1093
1144
1166
1136
1123
1135
1124
1134
1090
1064
1109
1112
1124
1176
1118
1125
1169
1108
1140
1152
1106
1123
1166
1142
1198
1176
1154
1205
1195
1163
1197
1153
1200
1188
1161
1122
1104
1104
1125
1078
1051
967
1137
1166
1138
1499
1184
1172
1105
1159
1123
1114
1045
1077
1131
1115
1101
1125
1160
1148
1126
1050
1067
1015
1093
1101
1127
1167
1148
1126
1154
1130
1180
1158
1247
1222
1199
1160
1128
1094
1087
1161
1146
1136
1134
1060
1084
1117
1183
1140
1182
1223
1937
1174
1160
1106
1142
1154
1155
1181
1154
1181
1197
1125
1152
1186
1185
1150
1165
1102
1116
1156
1114
1176
1191
1137
470
618
1119
1261
1166
1167
1166
1193
1151
1149
1126
1101
1072
1093
1103
1291
1196
1188
1171
1145
1097
1203
1157
1147
1106
1125
1127
1478
1193
1109
1171
1133
1156
1192
1139
1226
1223
1230
1133
1082
1100
1136
1109
1163
1171
1157
1186
1156
1172
1173
1169
1166
1130
1140
1195
1178
1133
1159
1140
1140
1139
1109
1132
1223
1182
1163
1159
1154
1181
1163
1136
1096
1159
1166
1267
1169
1137
1173
1161
1134
1172
1149
1129
1198
1115
1100
1140
1089
1499
1090
1113
1158
1138
1180
1481
1192
1209
1186
1178
1161
1087
1299
1200
1172
1165
1116
1277
1197
1176
1173
1178
1150
1166
1177
1143
1135
1115
1218
1100
1131
1151
1098
1200
1160
1114
1191
1196
1129
469
664
1173
1203
1246
1171
1150
1223
1125
1125
1180
1103
1157
1260
1138
1163
1468
1142
1100
1201
1162
1118
1194
1143
1269
1226
1150
1135
1192
1141
1088
1134
1232
1157
1110
1218
1170
1113
1165
1166
1087
1159
1172
1106
1165
1206
1109
1174
1160
1186
1147
1125
1109
1127
1167
1093
1043
1076
1939
1116
1105
1144
1125
1224
1227
1223
1208
1134
1227
1143
1140
1104
1108
1074
1152
1146
1121
1151
1187
1114
1111
1115
1133
1111
1122
1126
1131
1146
1149
1134
1174
1187
1172
1163
1167
1138
1073
1118
1091
1999
1160
1111
472
635
1097
1154
1188
1144
1162
1132
1111
1139
1084
1063
1154
3946
1114
1104
1145
1104
1156
1135
1103
1465
1139
1144
1104
1079
1048
1116
1174
1149
1124
1109
1150
1133
1967
1130
1105
1152
1178
1116
1143
1128
1129
1133
1093
1114
1087
1127
1079
1116
1133
1176
1093
1151
1141
1105
1090
1121
1150
1120
1138
1108
1074
1125
1150
1124
1126
1156
1150
1114
1140
1952
1128
1166
1151
1125