792
788
789
787
788
769
762
760
765
770
780
810
823
806
786
782
785
783
791
791
796
796
799
809
808
813
815
811
818
829
842
836
834
833
824
814
801
796
793
791
784
790
801
797
797
803
804
790
791
790
782
777
772
771
758
750
742
740
729
726
725
729
726
732
735
732
731
724
721
710
705
703
705
712
719
726
732
733
736
737
741
746
741
734
724
716
708
708
717
735
729
760
783
830
850
889
894
885
864
849
831
808
790
780
762
742
731
729
736
751
810
920
932
925
920
911
886
870
850
834
814
808
800
788
789
786
797
792
795
808
823
841
835
830
821
819
813
807
790
785
776
767
755
750
751
761
760
769
797
795
801
799
801
788
783
776
764
749
746
745
742
736
739
741
747
753
751
760
769
780
781
776
774
775
777
778
771
762
746
732
726
719
734
749
806
903
924
907
903
889
843
810
790
776
758
758
753
763
778
779
794
809
820
823
806
801
789
773
759
750
754
765
778
807
833
833
819
819
815
810
790
779
776
778
768
769
771
761
763
769
781
784
783
781
767
759
753
748
735
724
717
717
719
733
771
796
794
805
804
799
775
764
754
747
740
744
749
751
750
756
779
790
786
793
804
819
815
811
805
794
784
765
759
760
765
750
751
744
740
735
743
758
793
1621
800
780
769
763
762
757
759
762
768
775
768
760
758
756
762
767
765
773
782
785
774
773
769
766
756
765
780
795
794
802
812
818
822
803
803
798
796
798
783
777
768
772
760
763
771
787
785
794
798
802
791
770
763
760
753
759
768
788
805
811
820
821
818
798
795
794
791
772
764
756
750
745
754
773
795
791
802
804
799
791
781
777
775
775
762
750
741
736
738
743
770
807
828
830
840
829
805
778
757
740
730
723
724
745
767
773
773
781
786
781
768
761
755
750
748
746
753
770
793
810
816
830
831
827
812
801
784
759
743
729
723
739
773
792
839
880
899
881
859
823
806
799
791
791
776
771
770
771
769
769
788
810
815
827
832
834
818
797
786
775
759
755
753
754
763
780
813
852
864
859
860
850
833
811
801
794
791
779
781
794
809
818
812
821
821
807
793
781
774
764
750
735
733
731
739
753
765
794
811
802
801
800
793
772
765
756
745
740
745
753
764
765
781
802
813
811
805
798
794
789
774
771
769
772
769
767
768
773
773
768
772
773
768
755
754
762
777
781
803
829
848
840
830
815
797
780
759
750
740
734
727
733
749
784
818
812
815
818
809
791
787
777
777
774
768
772
778
786
782
774
775
777
773
773
775
776
767
761
754
752
750
741
738
733
733
725
725
720
718
718
714
722
743
776
789
807
820
825
815
796
786
778
770
759
756
759
762
752
752
753
750
742
746
747
754
754
776
804
830
836
821
805
794
788
775
770
767
768
755
745
737
738
739
740
753
773
782
784
793
794
794
783
778
770
766
756
752
749
751
750
747
747
748
751
746
742
740
735
735
733
749
774
794
793
814
820
804
786
758
739
720
714
719
735
749
748
758
766
783
792
789
789
790
788
784
774
766
756
747
739
729
726
728
742
756
765
792
809
809
816
817
797
782
780
778
770
757
754
752
755
750
754
757
759
756
750
748
747
756
753
757
762
772
777
765
763
760
758
750
740
737
736
747
757
790
836
871
862
850
836
827
804
783
768
758
743
727
718
711
713
717
732
751
769
780
773
768
764
755
737
732
730
743
756
754
766
781
791
780
772
764
757
742
733
722
718
709
707
708
724
759
793
826
864
883
878
