638
909
909
909
909
909
692
830
880
874
880
880
871
875
881
880
890
829
862
878
880
870
871
892
886
875
848
863
870
876
871
868
861
848
860
876
875
830
834
874
874
873
910
895
884
856
864
837
798
791
796
809
833
821
812
829
792
825
810
803
785
791
841
853
875
859
912
928
916
874
802
733
775
805
824
883
858
846
814
836
862
870
857
816
838
857
849
861
835
876
870
854
845
860
875
874
873
864
875
906
892
871
864
874
882
862
847
825
812
844
900
912
874
855
896
884
860
838
824
835
850
838
826
822
861
911
892
885
872
849
858
865
849
854
808
822
840
847
782
772
729
715
806
856
868
855
830
830
818
848
873
864
859
821
847
859
848
881
904
887
867
831
835
844
837
837
833
853
862
851
852
842
821
857
840
857
841
858
859
855
859
826
843
841
842
840
831
833
856
858
838
829
794
808
810
803
813
798
824
838
822
841
841
826
845
820
810
812
791
831
863
854
875
886
856
871
857
846
841
827
832
818
828
843
835
879
877
881
875
838
842
853
836
837
822
853
861
855
861
847
845
853
850
871
878
880
900
886
901
894
884
891
875
868
859
857
830
846
879
883
849
829
805
757
745
894
849
828
823
817
792
763
801
820
830
842
853
849
830
861
863
860
873
896
868
853
861
870
875
845
836
842
829
830
856
890
860
836
824
837
838
829
836
827
821
841
814
801
802
804
817
825
811
811
801
815
808
796
791
796
795
777
766
764
738
765
767
779
785
780
801
799
795
775
776
765
743
718
752
772
788
800
810
796
793
788
776
771
789
774
760
780
794
783
786
814
806
790
775
768
765
758
745
705
733
742
742
710
746
764
757
750
765
762
751
719
734
711
693
701
759
772
756
743
773
762
770
746
724
712
751
770
785
788
763
783
804
804
797
794
821
813
812
812
780
774
782
771
789
737
714
698
700
754
803
813
805
759
758
761
766
765
760
803
806
812
789
825
824
799
771
782
791
791
793
777
807
822
811
813
833
837
791
805
804
805
777
749
785
801
831
833
798
826
814
819
804
771
776
736
693
685
692
676
679
734
752
756
809
820
819
804
1713
779
788
782
767
799
806
835
847
852
862
842
832
812
817
827
821
840
844
852
844
843
842
824
827
839
812
803
817
823
833
832
851
849
832
836
852
822
790
773
789
812
821
816
854
867
862
831
846
815
791
800
806
795
835
840
829
833
840
807
840
844
822
832
820
808
811
842
833
840
867
858
842
844
849
837
834
851
881
873
851
859
845
831
819
845
823
809
830
837
843
860
875
866
827
826
819
817
824
850
880
890
893
894
914
896
875
839
845
855
867
869
850
879
868
851
829
795
812
828
844
836
841
841
813
811
810
833
846
834
812
829
847
841
825
798
804
803
799
811
844
866
856
836
839
855
836
806
815
810
778
809
793
765
801
813
796
790
800
794
798
812
812
793
790
820
815
799
816
853
837
820
848
805
793
788
825
807
805
806
830
828
810
839
844
813
787
803
814
803
784
801
836
833
807
810
828
809
787
806
808
791
742
718
715
703
687
659
650
654
781
833
773
738
748
725
767
827
812
788
765
765
750
746
773
807
839
846
821
853
871
862
852
825
854
855
853
854
875
845
880
897
895
884
850
865
853
861
843
871
883
891
896
860
