546
545
545
545
545
547
545
546
547
545
546
543
541
541
541
541
541
541
544
544
546
546
545
545
543
541
542
541
541
541
540
541
540
541
542
542
546
544
545
545
544
545
545
543
541
539
541
541
543
544
543
545
543
543
545
543
544
546
544
547
547
547
547
548
548
546
548
549
549
548
546
548
547
547
548
547
544
543
543
547
545
545
544
543
543
542
543
544
541
540
540
539
541
538
538
537
536
537
537
538
537
536
537
538
540
537
535
536
535
537
536
534
536
533
536
536
536
535
535
536
537
537
538
535
536
538
536
536
535
534
536
535
536
534
536
535
536
539
536
536
536
535
537
537
537
535
535
535
537
537
538
536
537
540
543
542
543
542
542
541
543
542
545
542
541
542
542
542
543
541
542
541
542
541
544
546
546
549
547
549
551
551
552
550
549
549
549
552
552
550
551
549
552
553
553
555
554
552
555
554
556
553
551
551
548
546
547
548
551
552
553
553
552
553
553
556
558
559
557
557
557
560
559
560
561
558
559
558
558
560
560
558
558
558
559
557
555
556
558
559
562
559
559
557
559
560
559
559
559
559
562
557
556
554
553
555
556
555
556
553
553
555
553
555
552
550
1355
550
549
548
550
548
553
552
552
553
552
554
555
557
558
560
557
556
559
559
556
557
559
558
560
559
556
558
558
559
557
554
558
557
558
561
561
562
561
561
564
563
561
562
561
562
565
566
562
562
558
561
560
561
559
558
560
559
560
562
560
556
558
556
559
558
557
558
554
555
556
557
555
556
555
558
555
557
554
553
555
555
555
554
553
554
556
556
562
562
563
561
561
560
559
559
562
563
562
561
560
562
561
564
564
562
563
564
563
566
568
568
569
568
565
567
566
567
566
563
565
564
567
570
567
566
564
564
563
564
562
561
560
559
560
562
563
560
560
559
561
560
559
559
556
556
555
556
555
553
553
551
552
555
554
554
553
553
553
554
554
551
552
549
550
551
548
547
546
544
546
547
545
545
543
543
542
543
544
542
542
541
541
542
544
545
544
542
542
542
544
545
544
544
543
542
543
544
545
542
542
543
544
545
544
541
541
541
541
541
542
541
541
541
541
541
542
539
540
537
536
714
533
535
534
538
538
538
540
536
538
540
540
541
541
541
541
543
546
548
546
547
546
550
550
552
555
553
553
553
554
557
555
557
557
556
556
558
557
559
556
556
555
557
558
558
557
557
556
559
560
560
560
558
557
559
560
558
560
560
562
562
563
567
566
566
565
562
564
564
565
564
561
561
562
561
562
560
559
559
556
559
558
559
558
558
558
562
563
563
562
560
560
561
560
559
557
557
556
558
557
556
554
553
554
555
554
553
553
551
552
551
550
548
548
548
549
549
551
550
549
551
552
554
552
551
551
551
549
554
551
550
550
550
551
550
552
549
549
548
550
550
551
549
547
550
550
554
554
554
557
558
562
563
562
564
560
561
562
562
565
564
561
563
563
564
567
566
564
566
563
567
565
567
566
564
564
565
564
564
562
561
561
560
561
561
559
560
560
559
562
559
562
559
558
561
562
562
563
561
562
561
562
563
563
560
560
559
562
560
560
558
559
556
558
558
559
557
556
556
561
559
561
560
558
558
555
558
558
559
557
555
555
559
555
557
555
555
554
554
556
555
554
553
552
554
554
555
555
553
552
552
551
553
552
551
549
547
549
548
550
549
549
547
547
547
549
550
548
548
547
548
548
547
549
546
545
544
544
547
545
546
546
547
548
551
552
553
552
554
554
559
559
560
562
562
563
563
563
563
563
563
560
563
562
563
562
562
561
560
560
559
560
557
557
554
554
556
555
555
553
555
553
554
556
556
558
555
554
558
556
555
554
552
551
552
551
551
551
550
551
550
550
551
549
550
548
548
547
550
549
548
548
548
548
548
547
548
545
546
548
548
547
547
544
546
547
548
546
545
547
545
547
549
548
549
548
547
547
549
547
548
546
547
547
547
548
547
546
546
544
547
547
550
550
552
555
556
557
561
560
560
559
557
563
566
563
563
561
562
560
563
568
567
567
566
565
568
567
570
571
568
569
567
568
570
573
571
573
572
574
576
573
576
576
574
576
577
579
578
579
575
575
576
576
577
574
571
570
570
569
568
568
567
564
564
565
567
564
562
562
565
565
565
569
570
569
569
570
570
570
571
569
569
566
571
570
571
570
568
566
568
569
571
571
572
573
573
578
581
581
577
578
577
581
583
583
583
583
580
583
584
582
583
581
579
579
582
582
577
579
578
581
580
583
579
579
578
581
580
580
580
580
580
582
583
582
583
581
582
581
583
581
576
575
575
578
581
579
578
576
576
579
582
580
578
579
579
582
583
581
583
580
578
581
583
580
577
578
575
578
575
575
574
573
572
575
573
578
576
574
574
574
578
578
575
571
571
568
570
570
571
569
569
570
573
575
575
576
573
573
573
576
574
573
571
575
572
574
573
572
574
571
571
572
573