864
826
809
790
771
3999
1162
813
832
816
834
1643
817
830
853
851
881
1216
865
3999
1139
853
879
859
878
883
865
856
834
830
815
808
814
821
832
853
845
825
827
806
803
805
788
1285
848
827
835
835
816
812
791
794
790
782
813
836
823
848
850
814
3999
1707
833
843
820
815
805
780
1653
816
824
808
828
823
800
3806
786
804
807
818
817
803
815
797
775
781
766
751
870
796
3367
794
781
784
770
756
766
762
760
779
797
801
819
834
809
809
3838
813
817
829
835
816
822
807
780
791
778
762
786
793
785
798
811
795
796
1714
743
747
778
808
811
842
841
807
821
803
774
782
770
764
774
792
803
2385
801
818
816
787
799
789
762
772
773
771
784
794
794
784
784
780
750
773
2333
768
758
774
770
762
770
765
756
767
772
786
797
828
829
3999
568
800
821
809
828
816
804
803
796
779
789
785
766
772
774
3384
788
818
806
827
812
788
791
777
757
763
758
756
763
768
762
772
3999
1131
780
784
772
781
780
764
767
765
755
765
778
773
795
821
801
804
804
3201
774
760
782
785
773
791
784
769
760
736
738
741
743
750
747
761
769
3398
795
811
809
800
802
797
786
781
775
762
768
773
763
789
805
796
824
2533
794
771
778
779
762
783
766
750
761
757
750
762
770
764
774
779
3399
761
771
773
758
773
772
751
763
757
749
762
751
744
751
755
750
1872
776
778
759
765
762
748
758
757
747
767
775
765
800
796
770
780
764
2510
756
757
765
786
791
773
777
772
754
755
750
740
744
1183
776
788
3999
273
750
772
795
782
798
791
767
771
757
743
750
750
750
760
767
762
