665
668
629
642
655
668
679
663
638
634
634
639
625
625
619
616
593
589
592
586
591
617
632
670
714
733
714
688
644
675
663
710
744
689
659
657
645
669
777
817
741
733
727
744
742
747
772
656
625
610
601
592
608
624
672
685
669
639
636
630
625
617
599
582
585
584
592
609
595
593
606
625
640
642
629
614
612
601
590
581
593
610
620
639
618
608
612
612
623
649
634
656
679
697
679
643
625
625
623
625
610
600
601
609
619
642
654
634
632
639
633
631
618
609
593
590
597
612
643
666
666
634
625
615
604
599
595
591
583
596
594
604
603
595
596
616
625
645
636
613
622
615
609
605
598
596
592
594
588
582
582
592
607
627
651
634
625
634
633
637
632
617
611
617
616
624
634
617
608
622
617
620
626
607
597
604
601
600
615
629
619
610
617
625
637
654
660
636
637
639
638
623
622
623
613
618
601
603
615
630
656
672
664
640
630
631
625
629
630
621
604
600
605
620
646
657
646
624
616
620
620
631
635
1371
609
614
629
614
618
619
623
615
595
601
593
585
576
566
560
554
552
554
556
570
579
578
583
599
612
645
673
679
641
631
626
624
617
615
612
598
588
597
601
618
640
642
630
627
630
628
628
626
615
608
617
618
622
628
622
620
634
652
665
683
644
624
619
604
592
585
577
569
577
593
625
683
693
667
666
662
655
638
623
597
583
581
578
581
585
578
582
590
601
619
614
606
621
630
648
664
647
671
682
698
705
676
660
657
643
636
618
628
635
638
634
624
632
640
657
648
644
653
654
650
632
620
619
618
625
641
629
627
638
658
678
681
654
642
646
642
643
626
622
623
631
632
624
620
631
628
628
609
609
607
611
616
602
599
614
622
641
646
641
629
636
634
628
624
613
603
603
600
600
607
591
596
596
602
614
599
590
586
589
601
626
648
648
621
610
606
601
594
597
596
586
581
579
586
601
625
663
673
651
629
620
617
612
609
609
598
588
592
601
616
649
673
652
655
653
640
631
610
606
607
608
605
596
598
611
625
659
642
652
661
661
634
615
605
598
595
593
576
581
591
612
645
625
626
646
641
619
613
610
611
617
608
593
587
589
586
599
604
598
590
598
595
606
620
621
609
608
606
606
617
610
600
612
637
653
641
620
610
614
620
619
613
599
612
611
621
623
605
609
614
612
615
602
596
603
610
621
625
611
597
600
601
608
606
598
594
615
634
661
665
632
631
627
627
619
602
590
592
590
594
611
607
607
622
635
648
650
626
618
618
612
610
603
582
573
577
583
604
636
624
630
661
683
708
688
675
659
637
611
603
610
611
628
628
608
610
618
632
644
630
610
607
608
601
597
582
582
579
604
623
649
639
619
615
611
602
771
561
566
585
595
601
639
678
674
632
639
634
625
605
590
584
595
608
635
649
625
630
637
645
650
641
630
643
636
622
600
596
600
601
611
594
600
1319
607
597
598
590
579
567
548
546
547
551
561
571
562
557
565
573
585
605
618
614
600
603
598
591
585
574
568
578
583
598
597
584
599
613
626
613
610
618
612
593
583
588
1371
581
559
549
540
531
528
531
552
593
639
620
615
641
653
666
687
636
609
610
621
641
624
569
547
540
527
519
523
530
554
610
643
632
622
644
674
718
735
699
655
646
624
616
612
596
578
566
574
574
580
598
603
588
583
592
606
639
675
671
646
620
616
614
625
638
632
617
629
625
628
618
595
586
586
597
628
651
628
640
671
692
700
662
638
623
620
623
619
622
611
621
641
655
687
672
664
1755
627
626
625
632
651
653
627
623
625
625
644
629
625
637
639
642
628
615
3214
631
637
646
626
631
624
627
618
599
600
602
616
625
605
599
608
611
620
631
609
606
625
634
648
634
614
613
614
619
629
629
609
602
604
602
614
618
599
592
595
595
610
644
656
616
614
622
643
654
643
626
630
620
607
584
582
583
580
575
571
583
589
578
570
589
585
602
627
660
670
636
639
632
626
605
598
603
594
596
589
610
632
672
664
651
678
672
662
631
637
1780
599
601
603
623
610
607
620
620
629
636
614
605
613
614
633
636
612
1811
629
1842
605
649
629
629
1780
684
2958
593
3999
3078
596
1371
664
645
