675
686
588
780
701
712
710
727
745
752
764
789
798
794
801
814
806
798
761
730
715
729
768
792
782
814
839
835
836
834
834
822
833
842
846
843
837
802
824
847
863
847
881
878
864
850
871
879
852
874
883
881
856
868
848
853
865
872
837
862
886
903
880
893
888
861
867
870
849
827
3999
220
878
870
881
917
943
902
933
936
908
889
882
849
860
881
875
884
918
939
923
915
894
875
866
829
796
804
831
856
895
911
896
904
910
873
872
853
851
861
907
916
918
937
944
918
922
914
882
892
899
858
860
875
879
884
917
916
869
889
899
859
860
875
879
843
858
867
822
809
794
763
751
760
776
755
778
806
812
808
834
815
791
792
799
766
774
777
746
726
712
708
736
770
768
805
830
837
815
823
829
812
823
819
808
778
810
852
839
887
924
892
876
891
859
845
850
847
806
828
860
851
868
885
581
998
837
801
768
765
798
855
888
957
968
946
2583
849
861
848
896
921
893
911
912
883
878
846
856
868
834
851
880
875
886
906
1655
826
849
875
874
881
896
902
851
839
824
785
753
744
759
801
817
823
802
823
835
826
822
859
869
852
853
1238
810
833
808
827
2157
832
834
1642
800
789
813
847
833
823
845
854
818
817
827
821
788
798
826
810
797
806
796
760
785
784
766
783
795
802
792
805
813
778
775
775
785
753
771
802
814
807
826
814
766
761
766
781
763
798
820
790
796
797
765
757
770
773
739
743
742
739
733
757
781
759
759
767
772
750
759
749
727
732
733
718
711
722
735
727
748
761
756
751
766
781
784
1218
753
768
791
778
787
811
826
813
820
797
747
745
753
773
760
824
882
875
867
875
859
840
839
833
803
805
805
782
796
810
786
797
823
837
825
860
864
820
819
830
829
800
809
822
786
797
802
775
774
786
793
779
790
781
762
761
770
736
725
730
746
734
765
791
775
1218
770
794
821
795
786
804
806
774
785
787
750
752
770
787
756
767
790
808
766
779
779
757
742
757
776
760
781
799
793
763
774
792
763
788
791
776
762
773
758
705
686
670
671
686
690
694
713
739
719
716
730
731
704
715
728
719
737
751
757
721
725
720
695
691
700
708
695
696
703
710
689
691
695
692
667
663
666
672
664
673
681
673
673
687
685
687
687
674
654
653
635
634
642
658
682
676
686
711
740
734
720
726
730
716
732
750
750
717
712
722
725
714
733
760
760
751
771
758
726
721
729
731
719
753
795
804
815
829
818
795
791
781
744
756
788
790
774
791
796
768
765
780
750
741
748
745
721
526
894
717
702
718
736
731
735
735
713
715
735
748
720
739
761
759
746
764
765
741
750
743
726
712
724
742
726
750
1241
781
786
776
774
761
721
717
713
712
721
753
789
759
764
759
711
709
689
708
726
734
731
749
758
737
757
777
789
761
782
800
797
772
785
789
759
756
774
779
540
935
770
742
747
772
783
768
810
841
830
839
838
789
772
765
758
755
776
810
792
819
838
822
808
805
795
767
776
788
782
767
765
750
755
775
787
804
816
830
851
845
834
801
799
805
781
790
777
788
808
802
806
819
799
801
808
794
802
830
819
803
812
811
789
774
791
799
792
811
819
796
798
811
819
791
805
821
824
803
820
844
819
814
833
844
812
817
809
788
773
806
857
830
865
862
867
834
817
794
766
756
740
729
743
750
767