1058
782
763
762
772
764
724
735
748
765
776
764
752
739
741
743
745
740
709
708
723
753
762
763
721
721
711
715
713
685
669
685
705
709
713
700
715
727
742
741
727
694
706
725
730
737
747
719
729
742
703
715
722
741
739
739
703
716
722
732
777
778
778
751
753
763
734
713
708
695
689
647
658
754
722
708
709
722
712
737
745
746
717
730
737
711
716
715
726
718
696
713
725
745
750
750
732
759
763
770
763
728
707
719
737
748
755
742
737
745
752
750
725
734
740
748
760
768
732
701
711
727
727
718
731
725
745
740
712
715
723
736
706
720
725
700
722
729
747
708
717
735
742
744
717
726
725
720
695
704
704
691
695
705
720
721
717
709
702
694
690
666
662
669
688
696
720
720
692
696
701
688
688
692
680
674
672
678
679
681
666
655
665
673
700
704
681
681
677
664
672
687
677
679
681
681
694
703
682
694
699
688
709
711
712
698
710
716
721
698
704
710
718
731
732
701
711
714
695
694
700
698
676
692
1941
712
729
732
735
708
691
678
689
713
739
747
760
749
720
751
758
758
749
718
685
690
697
705
708
720
727
710
695
714
721
704
702
687
671
712
743
731
757
754
745
708
711
718
730
738
2384
785
784
777
772
734
738
724
713
681
695
712
707
1942
745
717
742
730
732
718
710
707
704
691
710
708
722
728
722
713
730
740
743
729
711
719
716
711
707
722
746
760
773
719
718
730
719
719
715
702
692
699
674
661
672
690
702
685
677
699
707
717
716
695
714
719
714
720
696
691
690
704
711
717
707
675
696
702
708
714
1752
695
699
708
719
698
675
682
700
704
712
719
713
697
669
661
676
3999
372
703
713
706
684
681
674
1300
665
669
664
671
684
702
713
3999
3757
684
703
1898
713
707
685
703
696
690
688
678
673
664
659
670
672
670
677
673
691
696
707
702
693
676
667
648
625
618
625
1352
688
693
702
695
698
701
691
700
687
694
678
680
690
680
673
1405
611
625
677
672
672
677
694
697
1755
726
707
703
703
700
693
561
774
1310
637
630
620
625
620
617
604
1508
588
3999
3299
619
625
644
666
695
708
724
731
710
704
706
705
678
685
688
686
694
705
708
690
687
693
694
719
723
729
705
720
717
713
682
675
670
695
711
745
783
777
799
788
774
740
702
684
678
704
716
717
688
693
712
730
745
734
750
724
711
714
714
707
698
675
697
697
715
726
723
696
708
708
721
722
712
678
683
672
695
693
702
696
675
668
693
700
718
731
732
706
711
716
713
703
714
712
695
701
700
686
689
695
708
702
673
1251
673
692
1435
688
696
691
708
710
690
700
695
706
688
699
696
672
688
701
730
708
714
728
741
738
721
698
684
696
695
710
733
730
716
724
720
695
681
697
704
722
712
704
681
678
670
690
699
701
1751
681
1461
656
648
651
636
620
631
659
669
645
635
648
652
663
669
673
671
663
659
667
674
684
686
680
680
681
681
680
662
660
664
670
676
660
659
670
686
695
693
701
701
701
698
689
670
646
636
640
674
708
711
696
687
694
703
713
707
704
682
666
646
646
665
703
702
704
682
702
702
706
697
686
684
692
695
708
704
687
667
676
692
712
712
700
708
708
705
699
687
672
647
630
644
641
663
708
706
708
703
694
669
669
657
666
680
700
697
679
689
699
704
697
687
691
681
681
666
664
660
686
714
726
718
708
716
703
655
667
641
631
641
646
649
634
617
602
599
617
665
687
703
681
697
704
701
1775
684
690
697
700
697
674
680
670
673
679
678
683
666
649
646
657
665
685
682
684
663
665
663
671
673
669
671
