834
818
800
805
786
802
854
1645
940
907
903
603
1074
811
777
765
750
760
783
801
795
785
748
737
753
787
791
793
815
838
847
859
876
858
1675
539
962
789
800
418
791
829
865
902
878
909
924
880
858
870
911
912
898
922
949
939
927
935
936
871
864
885
911
879
928
1657
861
893
922
869
888
888
885
840
873
897
878
899
911
873
877
907
546
992
795
798
853
851
932
996
966
973
1216
943
964
917
950
958
950
943
939
926
911
935
958
905
904
913
908
875
896
1636
966
956
909
865
879
889
861
896
944
922
931
950
922
902
916
900
852
874
883
858
881
903
887
857
882
928
873
610
1115
934
877
882
903
872
877
888
861
859
862
820
833
854
857
857
875
840
791
770
757
736
710
710
713
742
787
791
782
803
837
827
794
2107
792
819
839
841
798
811
824
844
811
806
819
852
864
866
902
927
883
881
898
893
826
831
844
849
1199
850
879
910
897
877
886
888
826
829
832
837
812
838
880
890
851
885
909
873
826
843
843
808
808
822
846
819
824
850
876
855
849
862
859
820
817
832
601
1742
842
2920
791
766
743
760
789
807
798
826
839
807
817
829
1273
834
823
599
1054
825
822
833
852
820
845
915
975
966
947
954
939
886
875
879
872
896
851
896
947
924
903
927
920
912
866
856
1211
903
937
917
923
919
884
887
903
847
841
847
841
819
851
870
838
874
881
849
835
824
812
816
844
854
823
851
851
2096
765
745
743
773
823
860
892
921
872
879
863
875
830
847
888
895
831
870
903
921
919
939
940
880
884
896
896
871
899
916
875
875
875
880
887
908
891
873
882
893
862
893
917
934
900
931
953
937
935
939
937
922
958
976
901
884
878
891
868
968
1249
995
952
950
960
945
917
935
953
900
1795
947
962
940
889
911
933
923
892
915
929
910
1657
845
875
1249
880
891
893
834
858
1218
866
875
875
1249
869
819
3999
3999
3999
102
822
790
787
761
761
401
368
675
1669
731
708
706
736
788
828
674
944
835
843
827
782
762
762
775
798
768
781
811
832
818
786
800
815
829
793
807
832
842
808
801
807
811
799
760
776
791
641
944
781
788
801
830
830
644
976
854
863
807
814
832
594
952
795
798
751
740
758
756
797
633
1043
861
583
1035
832
841
861
878
845
871
875
878
849
869
875
827
844
869
890
836
856
872
881
840
847
856
629
980
813
818
786
800
822
835
818
865
908
885
865
878
873
838
838
850
875
858
909
948
899
890
891
894
830
826
863
869
823
803
764
767
798
821
780
806
835
867
884
858
876
886
885
833
826
833
845
810
826
836
841
809
818
827
833
795
820
843
860
829
857
875
867
815
825
842
868
834
842
881
931
917
892
904
911
890
895
871
852
854
869
843
859
854
839
867
870
856
870
863
862
854
874
891
885
881
916
943
886
899
927
967
928
887
916
937
926
902
938
960
921
933
924
893
881
825
823
837
855
845
887
897