682
698
728
798
761
729
702
712
721
753
794
805
812
804
788
771
753
733
708
675
649
661
657
682
695
748
712
708
758
801
775
789
774
766
751
767
774
766
764
750
726
750
759
770
776
767
762
748
735
708
680
688
686
719
757
738
735
750
755
754
715
708
717
726
740
717
712
724
727
740
701
696
700
718
730
744
746
737
760
771
780
762
749
763
762
762
774
750
750
751
750
748
731
750
757
770
780
756
734
742
732
720
701
682
703
708
718
699
699
709
720
730
733
712
706
717
723
736
740
720
708
719
720
736
742
730
706
703
696
694
677
680
695
712
732
744
738
745
743
739
721
695
697
702
711
723
712
700
718
717
725
707
708
721
727
739
729
710
709
714
722
732
731
706
697
702
706
709
721
707
716
731
746
759
741
709
696
693
682
683
670
672
690
697
716
708
718
740
744
748
748
719
702
708
711
721
731
719
716
728
736
737
734
702
695
690
693
697
687
683
678
676
690
709
704
704
720
729
721
725
724
731
745
789
834
856
846
800
791
815
821
827
818
782
743
738
737
744
708
692
688
689
687
692
694
678
679
688
703
714
731
722
703
697
708
731
780
769
778
809
829
845
833
779
771
777
781
778
742
737
750
759
768
773
741
723
724
729
737
715
715
728
739
743
723
716
725
755
777
779
744
732
745
748
752
733
741
749
757
762
729
715
716
710
723
733
719
722
738
756
761
739
732
729
725
698
683
679
662
638
637
650
661
682
711
739
775
787
762
753
767
766
766
740
729
725
737
750
763
756
738
742
747
759
774
776
744
748
746
737
693
684
679
686
689
692
713
747
792
817
807
774
742
716
710
710
723
749
738
738
763
789
798
786
756
742
750
771
783
792
751
746
754
766
788
805
781
758
771
767
778
757
745
772
789
798
778
754
750
744
743
727
731
739
747
756
763
742
724
729
723
730
732
708
703
616
715
711
713
717
716
715
699
694
696
702
709
729
715
718
731
732
743
767
744
721
717
713
718
726
712
706
712
710
713
723
722
699
672
669
671
675
679
679
685
706
713
714
710
707
701
705
707
705
706
692
691
709
724
734
720
725
735
740
729
707
699
706
704
712
716
699
702
718
739
756
760
732
719
729
736
743
740
723
706
694
692
693
705
707
730
759
788
795
766
745
727
722
707
704
697
713
740
780
796
810
782
752
738
745
752
772
755
741
754
760
764
745
722
708
705
705
705
696
710
727
744
722
720
708
692
687
690
671
663
658
666
688
728
737
762
750
750
765
764
758
751
740
721
729
750
775
804
819
773
751
756
754
750
735
739
751
1803
723
705
708
729
764
794
787
771
770
778
781
765
734
716
712
710
705
703
724
752
778
783
777
745
745
743
738
740
728
722
708
698
707
726
744
756
733
724
735
744
755
744
726
725
726
733
741
735
722
726
748
779
797
781
761
779
802
822
824
791
776
775
774
768
726
674
677
684
690
697
722
748
780
793
787
743
696
673
663
655
672
707
755
799
801
783
810
814
806
758
740
745
743
725
722
735
744
761
744
739
750
751
736
713
706
703
715
726
738
739
731
704
679
675
682
683
679
678
662
660
649
635
624
612
602
602
622
644
678
716
740
776
760
756
747
765
746
723
723
737
771
805
820
799
795
788
770
760
771
778
779
751
743
753
771
781
752
744
756
759
723
716
721
710
705
696
707
724
739
760
765
759
761
752
735
710
705
708
717
751
764
765
773
778
781
751
743
742
742
744
750
731
726
725
738
753
779
766
750
758
766
770
783
767
729
707
705
718
740
771
748
745
761
772
783
751
733
742
738
729
705
688
687
699
712
719
724
738
751
751
752
741
736
734
742
751
750
718
