656
642
629
612
619
626
620
617
623
631
625
625
621
621
609
598
603
595
598
611
621
624
624
631
632
639
639
635
630
627
612
600
598
590
589
583
587
614
643
646
652
654
663
661
666
664
661
638
627
616
613
592
588
602
641
688
725
704
701
688
678
689
688
678
672
656
636
616
606
584
579
599
673
693
681
666
678
686
688
694
671
670
671
670
660
645
630
626
632
647
661
662
651
663
676
661
666
677
677
672
649
643
647
655
652
639
632
632
638
649
657
659
652
633
625
625
618
617
625
627
611
602
597
621
648
655
650
638
625
615
609
604
605
614
617
584
583
587
604
625
642
646
629
614
601
592
579
591
616
643
642
633
631
639
638
625
624
626
602
589
582
573
577
611
652
660
665
696
715
708
696
672
671
663
660
647
634
625
619
640
653
663
667
660
645
649
655
660
664
666
660
643
619
602
591
591
630
682
670
674
657
646
650
658
666
678
671
654
636
632
618
624
636
642
644
621
624
635
651
666
655
650
648
650
644
632
620
613
624
638
638
632
649
656
657
645
640
648
650
641
626
616
611
608
628
641
654
663
653
637
631
637
651
653
657
658
650
630
624
618
627
646
661
656
653
645
648
656
659
659
657
636
627
607
605
613
616
620
628
617
614
637
643
643
640
624
617
613
612
623
628
625
628
611
598
603
617
648
658
642
643
637
638
647
658
656
645
635
633
625
623
637
650
651
647
647
654
658
657
645
636
617
597
585
583
578
575
610
651
667
653
640
641
657
657
658
660
642
625
611
604
597
600
609
639
672
656
636
641
648
642
653
664
673
679
678
664
650
640
638
629
621
616
646
706
688
679
685
696
703
684
676
679
676
657
665
663
664
666
678
673
674
681
686
675
682
686
682
677
668
650
629
601
594
581
596
634
684
702
647
631
631
626
630
657
675
671
671
666
660
659
665
672
675
674
673
672
679
684
658
662
666
666
665
673
676
654
650
629
627
625
632
630
634
625
617
618
643
657
671
678
672
663
643
637
626
619
614
632
655
649
649
653
645
637
641
651
655
641
638
631
623
599
586
582
587
603
596
597
595
595
612
609
603
583
576
577
572
572
564
565
578
601
623
629
620
636
654
672
672
669
677
681
682
668
657
659
660
666
667
656
660
673
678
679
687
667
651
646
640
623
619
618
638
645
654
663
661
663
658
657
646
649
645
643
641
631
616
599
592
611
638
661
644
646
645
653
646
643
641
645
633
615
602
602
604
618
637
635
622
632
645
649
647
645
628
616
607
585
580
575
583
583
588
609
626
617
609
611
612
598
591
586
586
583
581
575
566
561
569
602
645
642
678
703
724
716
706
696
692
676
671
666
670
654
628
622
635
662
666
660
641
633
612
613
625
639
637
610
614
619
620
615
600
600
613
651
646
639
650
664
677
684
665
648
648
645
636
627
618
591
611
654
680
679
666
664
676
681
694
692
665
654
658
658
662
659
651
635
613
603
621
682
684
687
662
669
688
699
698
677
660
649
648
645
633
626
610
614
640
680
668
656
663
663
662
650
647
633
646
637
617
612
624
631
642
646
645
652
1332
675
653
646
649
638
613
606
607
621
644
656
631
624
632
613
596
583
580
594
600
612
605
585
575
578
586
598
624
634
631
630
629
613
614
623
639
648
656
660
667
664
649
651
652
656
630
621
619
615
604
606
618
643
649
638
634
650
660
658
649
639
638
631
628
608
601
594
587
589
577
572
582
619
637
643
644
645
636
636
642
644
643
634
625
623
616
612
614
609
602
593
584
586
602
599
636
648
633
637
647
657
649
653
647
644
628
621
617
613
622
623
613
603
612
631
631
632
634
646
649
648
645
638
638
648
644
640
640
650
651
638
620
630
641
656
668
681
672
662
653
637
635
613
598
608
613
607
600
610
609
599
584
575
570
572
574
571
570
567
552
546
566
608
647
683
685
703
710
704
680
664
666
656
656
658
655
658
665
671
665
653
656
660
650
649
648
632
639
647
645
643
624
614
608
614
615
608
606
602
579
563
553
564
592
646
683
658
661
645
631
625
617
597
578
564
560
557
556
544
546
578
672
731
701
697
707
723
715
714
717
721
715
697
664
646
638
651
645
647
652
645
652
655
633
625
646
654
