747
725
714
714
717
718
721
753
799
805
852
875
850
857
865
844
852
835
836
799
768
781
771
766
750
742
714
725
746
761
786
749
720
702
715
731
733
756
763
782
792
784
757
752
754
748
755
782
809
789
806
827
814
817
831
807
781
785
791
781
768
780
797
1220
820
791
764
767
780
776
771
1686
795
816
798
806
818
791
771
774
2137
824
800
793
819
795
796
799
794
759
761
774
774
761
776
799
797
771
784
784
772
760
778
791
792
766
766
778
787
756
735
737
763
756
749
759
768
763
785
810
784
792
791
767
774
767
773
761
730
707
684
686
683
690
709
734
735
730
748
762
749
750
756
768
756
771
1874
805
3999
1265
842
844
812
821
831
819
848
861
825
828
850
837
871
889
848
841
821
799
804
816
808
833
881
894
913
881
864
874
863
839
827
816
819
835
830
849
865
849
876
882
862
865
860
831
835
843
803
806
819
794
809
816
804
831
814
789
806
812
792
821
831
827
843
835
839
840
841
853
853
838
828
828
833
833
857
853
856
865
863
857
863
852
863
866
844
853
859
844
855
872
858
849
853
828
839
843
826
848
860
827
844
854
841
848
861
844
860
862
843
857
857
830
844
845
822
817
840
877
872
890
903
873
886
885
856
861
874
875
855
858
858
832
853
857
574
1060
902
845
833
818
776
756
768
762
785
814
830
812
806
828
833
804
801
820
810
770
779
791
783
781
785
791
777
779
811
830
809
811
810
785
771
783
805
790
793
814
804
801
804
789
794
799
779
769
772
770
749
751
780
3999
1101
822
806
793
807
810
795
805
813
796
793
799
804
590
1016
843
809
813
808
803
804
828
843
818
823
835
831
854
858
824
849
846
807
785
745
727
743
757
785
819
853
853
843
858
864
825
835
847
834
861
886
867
890
883
850
845
852
840
853
849
833
838
832
815
832
809
804
802
781
791
817
821
833
862
864
837
845
859
830
822
838
851
837
835
855
859
838
836
846
831
828
1218
820
808
830
859
861
859
861
847
814
816
826
822
806
824
854
871
854
870
872
838
807
812
824
812
817
834
833
812
821
838
841
843
857
856
850
853
830
811
833
853
822
808
567
1035
825
801
780
729
726
743
746
776
839
878
858
871
872
861
828
837
835
797
781
805
826
822
834
858
829
829
843
837
817
809
814
817
805
806
800
786
789
804
809
785
794
816
797
796
819
827
802
805
818
806
780
779
781
752
757
771
769
778
789
786
786
793
790
777
787
777
765
768
766
758
763
786
783
784
789
794
779
782
796
791
795
811
815
791
777
758
720
704
698
695
710
739
3327
816
770
777
781
772
741
713
708
716
750
786
806
803
787
759
730
712
729
767
821
850
2130
806
808
803
807
793
801
828
859
875
879
843
848
852
845
820
780
751
766
785
815
891
891
891
891
891
891
891
891
891
759
773
799
836
1218
820
813
822
831
835
838
852
610
1062
835
804
804
810
838
857
838
852
871
903
894
851
799
792
808
852
891
918
905
915
896
867
821
813
833
865
860
839
851
850
849
819
826
849
874
865
854
863
861
858
863
861
841
804
801
832
867
861
894
916
914
889
890
893
880
841
850
862
845
819
787
788
801
806
787
783
768