588
577
576
594
636
698
666
632
628
633
640
628
620
625
621
640
647
632
622
636
618
610
625
626
625
643
640
616
612
605
594
583
579
580
568
570
593
605
622
622
616
599
594
588
573
571
569
585
606
624
618
617
641
610
613
622
647
616
615
606
619
598
598
592
607
603
613
608
627
620
631
631
625
640
627
628
632
622
616
611
605
595
592
588
583
583
587
597
606
607
613
605
595
599
591
584
574
571
570
585
608
610
606
618
639
659
640
640
649
644
627
619
615
593
593
608
606
629
657
658
652
646
654
642
617
620
629
630
628
644
640
630
633
628
636
626
616
627
628
635
635
637
639
642
638
632
630
616
603
596
593
612
634
649
633
625
635
646
650
636
625
617
618
623
609
610
611
601
583
586
592
626
666
677
705
691
650
654
663
640
646
679
702
676
717
748
712
684
662
639
625
2929
672
677
1905
653
658
641
648
660
656
687
653
647
645
641
644
653
669
645
628
625
642
660
694
679
680
690
699
693
650
649
664
656
655
655
659
664
664
681
699
672
669
666
655
637
635
636
629
640
631
642
660
666
638
640
649
657
643
636
638
650
664
654
647
639
658
678
654
643
650
659
660
652
643
645
640
636
645
636
641
650
660
669
644
634
631
625
639
623
627
633
646
641
651
658
663
665
666
661
643
638
650
653
654
1901
642
638
643
632
632
645
659
631
636
632
649
676
674
663
653
659
660
653
654
627
635
634
642
660
666
664
662
676
659
641
626
631
632
640
630
633
631
657
668
629
617
612
605
596
590
593
606
612
609
601
607
602
596
596
595
600
602
598
592
597
600
589
586
589
602
631
638
615
610
612
612
610
626
619
627
650
649
646
655
645
641
646
643
648
631
636
628
635
661
651
648
645
666
673
663
666
685
703
687
654
637
623
612
608
610
616
663
707
700
731
731
745
671
653
659
646
639
635
639
632
644
664
684
692
678
650
652
661
666
642
640
630
625
630
651
625
612
598
600
593
608
622
630
618
644
636
643
627
623
620
638
657
630
619
631
625
625
625
641
666
631
636
632
635
643
632
626
631
658
649
641
625
624
631
635
643
638
632
644
669
670
639
635
629
628
636
648
626
618
619
630
638
625
626
625
616
611
604
603
600
605
605
594
604
616
638
624
618
617
636
635
631
616
611
606
623
620
618
606
608
618
629
639
654
646
649
639
633
620
615
611
605
601
626
636
641
627
623
630
623
635
632
630
635
644
634
623
622
635
644
633
631
620
620
620
612
604
605
614
615
609
601
609
606
599
613
632
656
664
673
683
657
647
642
639
634
652
668
657
640
643
645
640
637
623
606
607
625
634
634
632
630
665
696
655
644
652
640
634
633
644
677
650
644
639
639
648
666
639
629
633
649
669
641
639
666
698
663
640
621
612
607
625
672
680
667
667
697
1715
697
684
665
668
676
668
643
657
652
645
639
647
659
659
1922
636
636
640
636
641
618
607
610
608
606
609
633
623
636
642
628
618
606
597
602
592
593
590
611
640
658
650
637
632
638
638
639
636
642
627
619
622
613
622
623
614
628
617
628
641
654
642
633
632
647
639
627
612
610
618
619
616
612
605
614
615
632
630
615
611
621
645
648
634
618
611
610
610
621
611
617
625
651
675
656
638
622
617
616
639
667
666
649
624
613
619
625
622
610
604
604
600
612
616
587
575
572
584
590
591
603
638
736
698
664
638
625
624
614
610
602
598
620
648
662
642
653
672
661
648
640
649
647
645
619
606
601
602
610
616
629
624
631
664
649
661
637
628
621
626
638
661
668
647
637
639
636
647
644
639
640
619
615
617
639
656
672
646
636
648
671
702
710
680
674
684
697
670
662
641
639
639
648
648
649
653
657
681
694
689
667
656
656
668
666
661
651
653
663
677
684
648
643
632
631
639
660
662
643
625
623
625
632
632
613
600
590
590
614
638
643
649
645
673
677
671
663
665
652
630
630
622
633
650
647
664
653
650
645
668
717
719
671
674
652
668
656
640
633
628
645
647
654
659
677
673
655
640
634
631
611
594
590
601
615
625
623
643
665
705
699
667
641
632
614
606
615
631
638
639
641
649
646
625
618
619
639
638
666
647
630
625
