641
629
623
616
1357
651
645
645
640
621
608
597
598
593
585
581
584
1962
593
586
586
591
590
609
598
590
573
549
545
549
552
1907
562
559
553
552
560
1384
589
583
608
609
626
640
613
621
621
625
1423
606
607
607
616
623
616
619
625
615
615
608
594
593
598
593
604
619
632
604
611
610
608
607
601
590
600
597
613
608
599
607
609
608
604
593
593
590
575
575
568
568
577
572
593
622
625
610
616
615
621
621
616
614
610
602
599
594
594
600
593
596
590
603
611
2839
605
604
595
600
595
599
622
621
619
609
614
619
615
611
605
607
593
585
589
587
603
632
645
614
1827
614
610
606
588
584
582
579
581
583
587
593
574
578
566
567
583
615
625
628
611
591
594
596
597
614
690
638
648
656
665
649
633
658
658
657
653
655
639
639
632
626
612
608
605
630
634
639
675
657
632
632
637
619
602
612
620
633
620
603
593
587
580
578
583
591
619
1465
620
614
620
614
613
619
623
623
609
615
619
613
615
613
620
617
607
614
621
622
622
625
628
622
631
625
623
623
1853
605
594
586
596
598
621
645
640
640
642
648
650
643
650
641
647
630
631
969
604
593
583
568
570
600
652
661
617
617
612
622
618
612
605
589
591
587
599
585
597
646
666
651
651
659
649
641
647
644
639
644
638
637
1811
653
663
666
659
643
652
657
649
657
661
664
666
667
658
654
659
654
648
652
654
640
647
649
642
641
642
634
632
625
625
609
612
631
625
612
604
610
608
597
604
636
680
634
633
639
635
629
637
634
631
635
630
627
626
638
641
639
652
658
657
665
665
654
656
640
637
648
640
641
634
1360
623
592
596
616
645
622
622
616
602
613
622
617
621
638
623
609
602
600
596
590
591
605
632
635
658
628
620
623
613
600
602
598
618
661
640
644
1897
678
672
680
685
677
673
663
643
638
626
621
614
620
610
621
653
1319
644
635
642
642
658
646
651
628
629
605
605
597
582
584
581
591
604
600
597
625
653
646
633
620
620
619
622
605
599
597
606
618
623
623
624
625
612
618
618
612
624
617
613
621
613
623
635
632
615
598
603
605
607
589
586
581
583
584
579
578
568
556
552
553
550
549
551
561
562
573
588
597
3848
561
566
561
558
556
568
573
2817
552
555
553
562
555
551
569
585
589
584
583
564
555
550
535
530
520
541
549
581
611
592
579
581
583
570
573
576
573
571
572
579
583
584
564
2935
613
608
621
619
622
631
619
628
617
608
617
615
615
601
607
605
600
609
603
594
602
597
602
596
595
597
598
600
607
597
583
591
590
583
592
594
601
608
591
589
591
601
592
600
602
598
606
601
607
607
612
609
596
602
587
593
1333
594
588
583
583
579
583
590
584
578
583
585
583
586
586
2467
572
562
544
560
587
595
570
609
606
594
600
604
593
596
3999
436
625
637
621
607
606
629
637
638
635
617
617
621
608
622
625
627
641
644
638
627
645
626
640
640
649
652
631
635
631
631
622
617
621
626
637
626
640
648
627
644
646
630
642
638
629
1327
618
614
614
613
3933
622
624
627
616
612
615
606
595
605
594
600
593
583
603
623
625
614
620
610
610
600
592
585
554
545
557
576
585
595
605
608
598
601
612
612
1976
597
599
607
614
602
596
594
591
591
592
604
592
595
616
619
620
617
622
617
620
613
617
619
625
612
616
608
601
596
574
575
588
589
619
643
614
623
625
620
618
622
622
611
615
617
598
599
598
586
589
576
583
590
609
604
596
602
592
589
590
594
582
586
594
599
585
582
583
580
573
570
577
593
604
1321
601
591
593
594
585
573
587
603
623
611
609
608
612
613
1861
623
629
623
620
624
616
611
615
618
616
619
623
615
610
614
609
615
613
606
598
587
577
558
554
553
569
566
572
594
608
591
608
598
591
596
597
591
586
584
581
575
1881
582
607
609
609
610
614
627
611
612
618
621
612
606
603
604
603
590
583
562
590
578
584
589
576
569
563
557
550
546
547
550
544
534
1450
579
583
584
581
581
1385
578
589
589
599
593
584
594
598
597
584
583
586
588
584
581
583
583
587
583
583
587
