Phone timestamp;HR [bpm];HRV [ms];Breathing interval [rpm];
2024-09-16T19:59:00.270;144
2024-09-16T19:59:01.216;143
2024-09-16T19:59:02.195;143;1,1
2024-09-16T19:59:03.322;142;1,0
2024-09-16T19:59:04.315;142;0,8
2024-09-16T19:59:05.213;142;1,1
2024-09-16T19:59:06.271;143;1,2
2024-09-16T19:59:07.238;143;1,1
2024-09-16T19:59:08.271;143;1,1
2024-09-16T19:59:09.268;143;1,1
2024-09-16T19:59:10.254;142;1,1
2024-09-16T19:59:11.198;142;1,1
2024-09-16T19:59:12.240;142;1,0
2024-09-16T19:59:13.222;142;1,0
2024-09-16T19:59:14.211;142;1,0
2024-09-16T19:59:15.207;142;0,9
2024-09-16T19:59:16.237;142;1,0
2024-09-16T19:59:17.229;143;0,8
2024-09-16T19:59:18.219;143;0,8
2024-09-16T19:59:19.207;143;0,8
2024-09-16T19:59:20.213;143;0,6
2024-09-16T19:59:21.236;143;0,8
2024-09-16T19:59:22.225;142;0,8
2024-09-16T19:59:23.285;142;0,9
2024-09-16T19:59:24.206;141;0,9
2024-09-16T19:59:25.328;141;0,9
2024-09-16T19:59:26.231;142;1,0
2024-09-16T19:59:27.222;142;1,1
2024-09-16T19:59:28.212;144;1,1
2024-09-16T19:59:29.240;144;1,1
2024-09-16T19:59:30.327;144;1,3
2024-09-16T19:59:31.317;143;1,5
2024-09-16T19:59:32.258;142;1,5
2024-09-16T19:59:33.202;141;1,4
2024-09-16T19:59:34.241;142;1,4
2024-09-16T19:59:35.230;142;1,4
2024-09-16T19:59:36.223;142;1,4
2024-09-16T19:59:37.212;142;1,4
2024-09-16T19:59:38.219;142;1,4
2024-09-16T19:59:39.328;142;1,3
2024-09-16T19:59:40.277;142;1,2
2024-09-16T19:59:41.265;142;1,2
2024-09-16T19:59:42.205;142;1,1
2024-09-16T19:59:43.239;142;0,9
2024-09-16T19:59:44.230;142;1,0
2024-09-16T19:59:45.220;141;1,0
2024-09-16T19:59:46.210;140;1,0
2024-09-16T19:59:47.202;140;0,9
2024-09-16T19:59:48.327;141;1,0
2024-09-16T19:59:49.280;141;1,1
2024-09-16T19:59:50.308;142;1,1
2024-09-16T19:59:51.252;142;1,1
2024-09-16T19:59:52.267;142;1,1
2024-09-16T19:59:53.280;141;1,1
2024-09-16T19:59:54.315;141;1,1
2024-09-16T19:59:55.297;142;1,1
2024-09-16T19:59:56.248;142;0,9
2024-09-16T19:59:57.306;143;0,9
2024-09-16T19:59:58.318;143;0,9
2024-09-16T19:59:59.305;143;0,9
2024-09-16T20:00:00.342;142;0,8
2024-09-16T20:00:01.248;142;0,6
2024-09-16T20:00:02.351;142;0,7
2024-09-16T20:00:03.222;143;0,7
2024-09-16T20:00:04.309;143;0,6
2024-09-16T20:00:05.198;143;0,6
2024-09-16T20:00:06.235;143;0,6
2024-09-16T20:00:07.274;144;0,7
2024-09-16T20:00:08.264;144;0,6
2024-09-16T20:00:09.250;144;0,6
2024-09-16T20:00:10.377;145;0,7
2024-09-16T20:00:11.257;145;0,6
2024-09-16T20:00:12.249;146;0,7
2024-09-16T20:00:13.308;147;0,9
2024-09-16T20:00:14.248;146;0,9
2024-09-16T20:00:15.262;145;2,0
2024-09-16T20:00:16.358;142;3,3
2024-09-16T20:00:17.219;137;3,9
2024-09-16T20:00:18.210;135;3,9
2024-09-16T20:00:19.241;135;4,1
2024-09-16T20:00:20.359;135;4,2
2024-09-16T20:00:21.221;136;4,2
2024-09-16T20:00:22.252;136;4,2
2024-09-16T20:00:23.245;136;4,2
2024-09-16T20:00:24.353;137;4,2
2024-09-16T20:00:25.344;138;4,2
2024-09-16T20:00:26.241;139;4,2
2024-09-16T20:00:27.296;140;4,2
2024-09-16T20:00:28.245;141;3,7
2024-09-16T20:00:29.401;141;2,3
2024-09-16T20:00:30.293;142;2,0
2024-09-16T20:00:31.235;142;1,9
2024-09-16T20:00:32.242;142;1,4
2024-09-16T20:00:33.237;143;1,2
2024-09-16T20:00:34.283;143;1,3
2024-09-16T20:00:35.216;143;1,2
2024-09-16T20:00:36.227;143;1,2
2024-09-16T20:00:37.259;143;1,0
2024-09-16T20:00:38.277;143;0,9
2024-09-16T20:00:39.288;143;0,9
2024-09-16T20:00:40.284;143;0,8
2024-09-16T20:00:41.221;144;0,7
2024-09-16T20:00:42.235;145;1,1
2024-09-16T20:00:43.235;145;1,1
2024-09-16T20:00:44.237;146;1,0
2024-09-16T20:00:45.235;147;1,5
2024-09-16T20:00:46.266;147;1,7
2024-09-16T20:00:47.230;148;1,8
2024-09-16T20:00:48.226;148;1,8
2024-09-16T20:00:49.328;149;1,9
2024-09-16T20:00:50.221;151;1,9
2024-09-16T20:00:51.258;151;1,9
2024-09-16T20:00:52.240;153;1,9
2024-09-16T20:00:53.242;153;1,8
2024-09-16T20:00:54.235;154;1,8
2024-09-16T20:00:55.268;155;1,8
2024-09-16T20:00:56.236;155;1,6
2024-09-16T20:00:57.226;156;1,2
2024-09-16T20:00:58.213;156;1,2
2024-09-16T20:00:59.250;157;1,1
2024-09-16T20:01:00.266;157;1,0
2024-09-16T20:01:01.230;157;1,1
2024-09-16T20:01:02.265;157;1,1
2024-09-16T20:01:03.205;157;1,1
2024-09-16T20:01:04.272;158;1,1
2024-09-16T20:01:05.262;158;1,1
2024-09-16T20:01:06.221;158;1,1
2024-09-16T20:01:07.238;158;1,0
2024-09-16T20:01:08.227;158;1,0
2024-09-16T20:01:09.263;158;0,9
2024-09-16T20:01:10.232;158;0,9
2024-09-16T20:01:11.228;158;0,9
2024-09-16T20:01:12.230;159;0,9
2024-09-16T20:01:13.267;159;0,7
2024-09-16T20:01:14.252;159;0,6
2024-09-16T20:01:15.223;159;0,6
2024-09-16T20:01:16.239;159;0,6
2024-09-16T20:01:17.225;159;0,6
2024-09-16T20:01:18.347;159;0,6
2024-09-16T20:01:19.228;159;0,7
2024-09-16T20:01:20.213;160;0,7
2024-09-16T20:01:21.283;160;0,7
2024-09-16T20:01:22.310;161;0,6
2024-09-16T20:01:23.251;161;0,7
2024-09-16T20:01:24.340;162;0,7
2024-09-16T20:01:25.225;162;0,6
2024-09-16T20:01:26.224;162;0,8
2024-09-16T20:01:27.262;161;0,8
2024-09-16T20:01:28.296;161;0,9
2024-09-16T20:01:29.268;161;0,9
2024-09-16T20:01:30.226;161;0,9
2024-09-16T20:01:31.264;161;0,9
2024-09-16T20:01:32.230;162;0,9
2024-09-16T20:01:33.222;162;0,9
2024-09-16T20:01:34.212;162;0,9
2024-09-16T20:01:35.226;163;0,9
2024-09-16T20:01:36.287;163;0,9
2024-09-16T20:01:37.229;163;1,2
2024-09-16T20:01:38.222;164;1,1
2024-09-16T20:01:39.248;164;1,1
2024-09-16T20:01:40.271;164;1,0
2024-09-16T20:01:41.248;164;1,1
2024-09-16T20:01:42.239;164;1,1
2024-09-16T20:01:43.209;164;1,1
2024-09-16T20:01:44.222;165;1,2
2024-09-16T20:01:45.258;165;1,1
2024-09-16T20:01:46.249;165;1,1
2024-09-16T20:01:47.220;165;1,0
2024-09-16T20:01:48.204;165;0,8
2024-09-16T20:01:49.261;164;0,9
2024-09-16T20:01:50.259;164;0,9
2024-09-16T20:01:51.247;164;0,9
2024-09-16T20:01:52.218;164;0,7
2024-09-16T20:01:53.266;164;0,7
2024-09-16T20:01:54.257;164;0,7
2024-09-16T20:01:55.246;164;0,6
2024-09-16T20:01:56.219;164;0,6
2024-09-16T20:01:57.204;164;0,6
2024-09-16T20:01:58.310;163;0,9
2024-09-16T20:01:59.255;163;1,1
2024-09-16T20:02:00.240;163;1,1
2024-09-16T20:02:01.279;163;1,1
2024-09-16T20:02:02.198;163;1,1
2024-09-16T20:02:03.259;163;1,1
2024-09-16T20:02:04.250;163;1,1
2024-09-16T20:02:05.243;163;1,1
2024-09-16T20:02:06.205;163;1,2
2024-09-16T20:02:07.243;162;1,2
2024-09-16T20:02:08.257;162;1,2
2024-09-16T20:02:09.249;163;0,9
2024-09-16T20:02:10.304;163;0,9
2024-09-16T20:02:11.209;163;0,9
2024-09-16T20:02:12.261;164;0,9
2024-09-16T20:02:13.248;164;0,9
2024-09-16T20:02:14.279;164;0,9
2024-09-16T20:02:15.207;164;0,9
2024-09-16T20:02:16.253;165;0,8
2024-09-16T20:02:17.258;165;0,8
2024-09-16T20:02:18.293;165;0,7
2024-09-16T20:02:19.278;165;0,8
2024-09-16T20:02:20.200;165;0,8
2024-09-16T20:02:21.264;165;0,7
2024-09-16T20:02:22.248;165;0,7
2024-09-16T20:02:23.241;166;0,8
2024-09-16T20:02:24.207;166;0,8
2024-09-16T20:02:25.243;166;0,8
2024-09-16T20:02:26.269;166;0,8
2024-09-16T20:02:27.242;166;0,8
2024-09-16T20:02:28.231;166;0,8
2024-09-16T20:02:29.205;166;0,9
2024-09-16T20:02:30.238;167;0,8
2024-09-16T20:02:31.247;167;0,8
2024-09-16T20:02:32.241;167;0,8
2024-09-16T20:02:33.206;167;0,6
2024-09-16T20:02:34.244;167;0,6
2024-09-16T20:02:35.259;167;0,6
2024-09-16T20:02:36.244;167;0,6
2024-09-16T20:02:37.231;167;0,6
2024-09-16T20:02:38.198;167;0,7
2024-09-16T20:02:39.241;167;0,9
2024-09-16T20:02:40.271;167;0,8
2024-09-16T20:02:41.218;167;0,8
2024-09-16T20:02:42.234;167;0,8
2024-09-16T20:02:43.244;167;0,8
2024-09-16T20:02:44.236;166;0,9
2024-09-16T20:02:45.223;166;0,9
2024-09-16T20:02:46.232;166;0,9
2024-09-16T20:02:47.200;166;0,8
2024-09-16T20:02:48.237;166;0,9
2024-09-16T20:02:49.249;166;0,8
2024-09-16T20:02:50.241;167;0,7
2024-09-16T20:02:51.212;167;0,7
2024-09-16T20:02:52.247;168;0,9
2024-09-16T20:02:53.234;168;0,9
2024-09-16T20:02:54.245;168;0,9
2024-09-16T20:02:55.236;168;0,9
2024-09-16T20:02:56.223;168;0,9
2024-09-16T20:02:57.241;169;0,9
2024-09-16T20:02:58.287;168;0,8
2024-09-16T20:02:59.239;168;0,8
2024-09-16T20:03:00.227;168;0,8
2024-09-16T20:03:01.264;169;0,9
2024-09-16T20:03:02.229;169;0,7
2024-09-16T20:03:03.295;168;0,8
2024-09-16T20:03:04.229;168;0,9
2024-09-16T20:03:05.221;168;0,9
2024-09-16T20:03:06.241;167;0,9
2024-09-16T20:03:07.280;167;0,9
2024-09-16T20:03:08.291;167;0,9
2024-09-16T20:03:09.271;167;0,9
2024-09-16T20:03:10.262;166;0,9
2024-09-16T20:03:11.273;166;0,8
2024-09-16T20:03:12.266;167;0,9
2024-09-16T20:03:13.229;167;0,9
2024-09-16T20:03:14.290;167;0,6
2024-09-16T20:03:15.235;167;0,6
2024-09-16T20:03:16.279;167;0,6
2024-09-16T20:03:17.237;167;0,6
2024-09-16T20:03:18.223;167;0,6
2024-09-16T20:03:19.247;167;0,6
2024-09-16T20:03:20.229;167;0,6
2024-09-16T20:03:21.283;167;0,6
2024-09-16T20:03:22.233;168;0,7
2024-09-16T20:03:23.222;168;0,7
2024-09-16T20:03:24.255;168;0,7
2024-09-16T20:03:25.228;168;0,7
2024-09-16T20:03:26.241;169;0,6
2024-09-16T20:03:27.232;169;0,6
2024-09-16T20:03:28.261;169;0,6
2024-09-16T20:03:29.233;169;0,6
2024-09-16T20:03:30.224;168;0,6
2024-09-16T20:03:31.234;168;0,6
2024-09-16T20:03:32.221;168;0,7
2024-09-16T20:03:33.259;168;0,8
2024-09-16T20:03:34.228;168;0,9
2024-09-16T20:03:35.268;168;1,0
2024-09-16T20:03:36.226;168;1,1
2024-09-16T20:03:37.308;168;1,1
2024-09-16T20:03:38.258;168;1,1
2024-09-16T20:03:39.225;168;1,1
2024-09-16T20:03:40.239;168;1,1
2024-09-16T20:03:41.221;168;1,1
2024-09-16T20:03:42.264;168;1,0
2024-09-16T20:03:43.229;168;0,9
2024-09-16T20:03:44.274;168;0,8
2024-09-16T20:03:45.228;169;0,6
2024-09-16T20:03:46.265;169;0,6
2024-09-16T20:03:47.256;169;0,6
2024-09-16T20:03:48.312;169;0,6
2024-09-16T20:03:49.247;169;0,6
2024-09-16T20:03:50.225;169;0,6
2024-09-16T20:03:51.302;169;0,6
2024-09-16T20:03:52.316;169;0,6
2024-09-16T20:03:53.216;169;0,6
2024-09-16T20:03:54.230;169;0,4
2024-09-16T20:03:55.268;169;0,5
2024-09-16T20:03:56.266;169;0,5
2024-09-16T20:03:57.270;169;0,5
2024-09-16T20:03:58.307;169;0,5
2024-09-16T20:03:59.271;169;0,5
2024-09-16T20:04:00.252;170;0,5
2024-09-16T20:04:01.253;170;0,4
2024-09-16T20:04:02.217;170;0,4
2024-09-16T20:04:03.229;169;0,4
2024-09-16T20:04:04.268;170;0,4
2024-09-16T20:04:05.257;170;0,4
2024-09-16T20:04:06.224;170;0,4
2024-09-16T20:04:07.211;170;0,3
2024-09-16T20:04:08.226;170;0,3
2024-09-16T20:04:09.267;170;0,4
2024-09-16T20:04:10.248;171;0,5
2024-09-16T20:04:11.333;171;0,5
2024-09-16T20:04:12.268;171;0,7
2024-09-16T20:04:13.266;170;0,7
2024-09-16T20:04:14.254;171;0,7
2024-09-16T20:04:15.253;171;0,8
2024-09-16T20:04:16.224;171;0,8
2024-09-16T20:04:17.232;171;0,8
2024-09-16T20:04:18.261;171;0,8
2024-09-16T20:04:19.246;170;0,9
2024-09-16T20:04:20.215;170;0,8
2024-09-16T20:04:21.251;169;0,9
2024-09-16T20:04:22.337;169;0,8
2024-09-16T20:04:23.253;168;0,8
2024-09-16T20:04:24.245;168;0,8
2024-09-16T20:04:25.209;168;0,7
2024-09-16T20:04:26.275;169;0,8
2024-09-16T20:04:27.240;169;0,8
2024-09-16T20:04:28.254;169;0,8
2024-09-16T20:04:29.218;169;0,7
2024-09-16T20:04:30.210;169;0,8
2024-09-16T20:04:31.314;169;0,6
2024-09-16T20:04:32.261;169;0,8
2024-09-16T20:04:33.246;169;1,0
2024-09-16T20:04:34.211;169;0,9
2024-09-16T20:04:35.247;170;0,9
2024-09-16T20:04:36.313;170;1,0
2024-09-16T20:04:37.253;170;0,9
2024-09-16T20:04:38.239;170;0,9
2024-09-16T20:04:39.204;170;0,9
2024-09-16T20:04:40.243;170;0,9
2024-09-16T20:04:41.250;170;0,9
2024-09-16T20:04:42.290;170;0,8
2024-09-16T20:04:43.260;170;0,7
2024-09-16T20:04:44.257;170;0,6
2024-09-16T20:04:45.265;170;0,6
2024-09-16T20:04:46.248;170;0,5
2024-09-16T20:04:47.296;170;0,5
2024-09-16T20:04:48.261;170;0,4
2024-09-16T20:04:49.303;170;0,4
2024-09-16T20:04:50.263;170;0,5
2024-09-16T20:04:51.247;170;0,4
2024-09-16T20:04:52.209;170;0,4
2024-09-16T20:04:53.196;170;0,5
2024-09-16T20:04:54.267;170;0,5
2024-09-16T20:04:55.251;170;0,6
2024-09-16T20:04:56.243;170;0,6
2024-09-16T20:04:57.211;170;0,7
2024-09-16T20:04:58.274;171;0,7
2024-09-16T20:04:59.257;171;0,7
2024-09-16T20:05:00.243;171;0,8
2024-09-16T20:05:01.212;171;1,0
2024-09-16T20:05:02.199;172;1,0
2024-09-16T20:05:03.256;172;1,0
2024-09-16T20:05:04.259;172;1,0
2024-09-16T20:05:05.244;172;1,0
2024-09-16T20:05:06.209;172;1,0
2024-09-16T20:05:07.243;172;1,1
2024-09-16T20:05:08.259;172;1,1
2024-09-16T20:05:09.252;172;1,1
2024-09-16T20:05:10.240;172;1,1
2024-09-16T20:05:11.202;172;0,9
2024-09-16T20:05:12.254;172;0,9
2024-09-16T20:05:13.295;172;0,9
2024-09-16T20:05:14.282;173;0,9
2024-09-16T20:05:15.275;173;0,9
2024-09-16T20:05:16.245;173;0,9
2024-09-16T20:05:17.286;173;0,7
2024-09-16T20:05:18.252;172;0,7
2024-09-16T20:05:19.240;172;0,7
2024-09-16T20:05:20.207;172;0,7
2024-09-16T20:05:21.239;172;0,6
2024-09-16T20:05:22.340;171;0,6
2024-09-16T20:05:23.241;172;0,6
2024-09-16T20:05:24.230;172;0,6
2024-09-16T20:05:25.245;171;0,6
2024-09-16T20:05:26.237;171;0,6
2024-09-16T20:05:27.247;171;0,5
2024-09-16T20:05:28.234;171;0,5
2024-09-16T20:05:29.211;171;0,5
2024-09-16T20:05:30.242;171;0,6
2024-09-16T20:05:31.231;171;0,7
2024-09-16T20:05:32.242;171;0,7
2024-09-16T20:05:33.228;171;0,7
2024-09-16T20:05:34.196;172;0,9
2024-09-16T20:05:35.229;172;1,0
2024-09-16T20:05:36.249;172;1,0
2024-09-16T20:05:37.282;172;1,1
2024-09-16T20:05:38.323;172;1,1
2024-09-16T20:05:39.241;172;1,1
2024-09-16T20:05:40.291;171;1,1
2024-09-16T20:05:41.239;172;1,1
2024-09-16T20:05:42.274;172;1,1
2024-09-16T20:05:43.200;172;1,3
2024-09-16T20:05:44.236;172;1,2
2024-09-16T20:05:45.291;172;1,1
2024-09-16T20:05:46.237;172;1,1
2024-09-16T20:05:47.271;172;1,0
2024-09-16T20:05:48.234;172;0,9
2024-09-16T20:05:49.237;172;0,9
2024-09-16T20:05:50.247;172;0,8
2024-09-16T20:05:51.233;173;0,8
2024-09-16T20:05:52.197;173;0,8
2024-09-16T20:05:53.233;173;0,4
2024-09-16T20:05:54.281;173;0,4
2024-09-16T20:05:55.242;173;0,5
2024-09-16T20:05:56.228;173;0,5
2024-09-16T20:05:57.261;173;0,5
2024-09-16T20:05:58.223;173;0,5
2024-09-16T20:05:59.241;173;0,6
2024-09-16T20:06:00.238;173;0,6
2024-09-16T20:06:01.225;173;0,7
2024-09-16T20:06:02.236;172;0,8
2024-09-16T20:06:03.229;173;0,8
2024-09-16T20:06:04.236;173;0,8
2024-09-16T20:06:05.205;173;0,8
2024-09-16T20:06:06.260;173;0,8
2024-09-16T20:06:07.222;173;0,8
2024-09-16T20:06:08.288;173;0,8
2024-09-16T20:06:09.210;172;0,8
2024-09-16T20:06:10.217;172;0,7
2024-09-16T20:06:11.235;172;0,6
2024-09-16T20:06:12.227;173;0,6
2024-09-16T20:06:13.241;173;0,5
2024-09-16T20:06:14.220;174;0,5
2024-09-16T20:06:15.236;174;0,6
2024-09-16T20:06:16.228;174;0,6
2024-09-16T20:06:17.272;174;0,6
2024-09-16T20:06:18.229;174;0,6
2024-09-16T20:06:19.217;175;0,6
2024-09-16T20:06:20.257;175;0,6
2024-09-16T20:06:21.219;175;0,6
2024-09-16T20:06:22.235;175;0,7
2024-09-16T20:06:23.225;175;0,9
2024-09-16T20:06:24.266;175;0,9
2024-09-16T20:06:25.230;175;0,9
2024-09-16T20:06:26.225;175;1,0
2024-09-16T20:06:27.282;175;1,0
2024-09-16T20:06:28.266;175;0,9
2024-09-16T20:06:29.230;175;1,0
2024-09-16T20:06:30.221;175;1,0
2024-09-16T20:06:31.266;175;1,0
2024-09-16T20:06:32.228;175;0,9
2024-09-16T20:06:33.269;174;0,8
2024-09-16T20:06:34.250;173;0,9
2024-09-16T20:06:35.217;173;0,9
2024-09-16T20:06:36.228;173;0,7
2024-09-16T20:06:37.221;172;0,7
2024-09-16T20:06:38.231;172;0,8
2024-09-16T20:06:39.222;171;0,8
2024-09-16T20:06:40.261;171;0,9
2024-09-16T20:06:41.227;171;0,9
2024-09-16T20:06:42.306;171;0,9
2024-09-16T20:06:43.233;170;0,9
2024-09-16T20:06:44.218;169;0,9
2024-09-16T20:06:45.232;169;1,0
2024-09-16T20:06:46.218;168;1,1
2024-09-16T20:06:47.256;167;1,3
2024-09-16T20:06:48.221;167;1,3
2024-09-16T20:06:49.211;166;1,3
2024-09-16T20:06:50.222;165;1,3
2024-09-16T20:06:51.258;165;1,3
2024-09-16T20:06:52.247;164;1,2
2024-09-16T20:06:53.218;163;1,2
2024-09-16T20:06:54.245;163;1,2
2024-09-16T20:06:55.216;163;1,0
2024-09-16T20:06:56.256;163;1,2
2024-09-16T20:06:57.219;161;0,9
2024-09-16T20:06:58.212;160;0,9
2024-09-16T20:06:59.229;159;0,9
2024-09-16T20:07:00.262;159;0,9
2024-09-16T20:07:01.253;158;1,0
2024-09-16T20:07:02.210;157;1,1
2024-09-16T20:07:03.251;156;1,1
2024-09-16T20:07:04.218;156;1,1
2024-09-16T20:07:05.255;156;1,1
2024-09-16T20:07:06.245;156;1,2
2024-09-16T20:07:07.217;156;1,2
2024-09-16T20:07:08.238;155;1,2
2024-09-16T20:07:09.268;153;1,5
2024-09-16T20:07:10.246;153;1,5
2024-09-16T20:07:11.219;152;1,5
2024-09-16T20:07:12.216;152;1,4
2024-09-16T20:07:13.198;152;1,4
2024-09-16T20:07:14.258;152;1,4
2024-09-16T20:07:15.247;153;1,4
2024-09-16T20:07:16.258;153;1,4
2024-09-16T20:07:17.283;152;1,4
2024-09-16T20:07:18.268;152;1,5
2024-09-16T20:07:19.247;150;1,3
2024-09-16T20:07:20.233;150;1,0
2024-09-16T20:07:21.209;149;1,0
2024-09-16T20:07:22.218;148;1,0
2024-09-16T20:07:23.266;149;1,0
2024-09-16T20:07:24.240;149;1,2
2024-09-16T20:07:25.213;149;1,1
2024-09-16T20:07:26.247;149;1,4
2024-09-16T20:07:27.261;148;1,6
2024-09-16T20:07:28.248;146;1,6
2024-09-16T20:07:29.213;145;1,6
2024-09-16T20:07:30.208;144;1,5
2024-09-16T20:07:31.241;144;1,5
2024-09-16T20:07:32.344;145;1,8
2024-09-16T20:07:33.238;146;1,8
2024-09-16T20:07:34.207;147;1,8
2024-09-16T20:07:35.199;147;1,9
2024-09-16T20:07:36.260;147;1,8
2024-09-16T20:07:37.264;147;1,8
2024-09-16T20:07:38.237;146;1,7
2024-09-16T20:07:39.200;146;1,5
2024-09-16T20:07:40.238;145;1,4
2024-09-16T20:07:41.259;145;1,4
2024-09-16T20:07:42.240;145;1,3
2024-09-16T20:07:43.230;144;1,4
2024-09-16T20:07:44.207;144;1,1
2024-09-16T20:07:45.249;144;1,0
2024-09-16T20:07:46.248;144;0,9
2024-09-16T20:07:47.219;144;0,8
2024-09-16T20:07:48.206;145;0,8
2024-09-16T20:07:49.193;144;0,8
2024-09-16T20:07:50.249;144;0,7
2024-09-16T20:07:51.221;144;0,7
2024-09-16T20:07:52.236;143;0,8
2024-09-16T20:07:53.199;143;0,8
2024-09-16T20:07:54.245;143;0,8
2024-09-16T20:07:55.223;143;0,7
2024-09-16T20:07:56.281;143;0,8
2024-09-16T20:07:57.268;144;0,8
2024-09-16T20:07:58.192;144;1,3
2024-09-16T20:07:59.253;145;1,2
2024-09-16T20:08:00.311;145;1,2
2024-09-16T20:08:01.207;145;1,2
2024-09-16T20:08:02.194;145;1,2
2024-09-16T20:08:03.233;145;1,2
2024-09-16T20:08:04.246;145;1,2
2024-09-16T20:08:05.239;145;1,2
2024-09-16T20:08:06.270;144;1,2
2024-09-16T20:08:07.236;145;1,2
2024-09-16T20:08:08.265;145;1,1
2024-09-16T20:08:09.241;145;1,1
2024-09-16T20:08:10.231;144;0,6
2024-09-16T20:08:11.198;144;0,7
2024-09-16T20:08:12.235;144;0,7
2024-09-16T20:08:13.244;144;0,6
2024-09-16T20:08:14.235;144;0,6
2024-09-16T20:08:15.270;144;0,6
2024-09-16T20:08:16.195;145;0,6
2024-09-16T20:08:17.232;145;0,6
2024-09-16T20:08:18.240;144;0,9
2024-09-16T20:08:19.228;143;1,1
2024-09-16T20:08:20.217;143;1,1
2024-09-16T20:08:21.275;142;1,1
2024-09-16T20:08:22.260;142;1,1
2024-09-16T20:08:23.215;143;1,1
2024-09-16T20:08:24.203;143;1,1
2024-09-16T20:08:25.192;143;1,1
2024-09-16T20:08:26.274;143;1,1
2024-09-16T20:08:27.293;144;1,1
2024-09-16T20:08:28.234;144;1,1
2024-09-16T20:08:29.217;143;1,1
2024-09-16T20:08:30.234;144;0,8
2024-09-16T20:08:31.222;143;0,6
2024-09-16T20:08:32.238;143;0,6
2024-09-16T20:08:33.223;143;0,7
2024-09-16T20:08:34.194;143;0,6
2024-09-16T20:08:35.230;143;0,5
2024-09-16T20:08:36.240;143;0,5
2024-09-16T20:08:37.274;143;0,5
2024-09-16T20:08:38.232;142;0,8
2024-09-16T20:08:39.234;142;0,9
2024-09-16T20:08:40.221;141;0,9
2024-09-16T20:08:41.215;141;1,0
2024-09-16T20:08:42.216;141;1,0
2024-09-16T20:08:43.194;141;1,2
2024-09-16T20:08:44.229;142;1,2
2024-09-16T20:08:45.215;142;1,2
2024-09-16T20:08:46.278;141;1,3
2024-09-16T20:08:49.859;141;1,3
2024-09-16T20:08:49.864;141;1,3
2024-09-16T20:08:49.870;141;1,4
2024-09-16T20:08:50.208;142;1,5
2024-09-16T20:08:51.204;143;1,5
2024-09-16T20:08:52.214;144;1,4
2024-09-16T20:08:53.228;144;1,4
2024-09-16T20:08:54.217;143;1,6
2024-09-16T20:08:55.208;142;1,6
2024-09-16T20:08:56.267;141;1,8
2024-09-16T20:08:57.254;140;1,7
2024-09-16T20:08:58.222;140;1,9
2024-09-16T20:08:59.283;140;1,9
2024-09-16T20:09:00.232;140;1,9
2024-09-16T20:09:01.212;141;1,9
2024-09-16T20:09:02.252;141;1,8
2024-09-16T20:09:03.223;141;1,6
2024-09-16T20:09:04.230;141;1,6
2024-09-16T20:09:05.310;141;1,6
2024-09-16T20:09:06.253;141;1,4
2024-09-16T20:09:07.222;142;1,4
2024-09-16T20:09:08.255;142;1,0
2024-09-16T20:09:09.226;142;1,0
2024-09-16T20:09:10.215;142;0,7
2024-09-16T20:09:11.299;142;0,7
2024-09-16T20:09:12.216;141;0,8
2024-09-16T20:09:13.231;141;0,8
2024-09-16T20:09:14.220;141;0,9
2024-09-16T20:09:15.256;140;0,8
2024-09-16T20:09:16.246;140;0,9
2024-09-16T20:09:17.211;141;1,0
2024-09-16T20:09:18.232;141;1,0
2024-09-16T20:09:19.220;141;1,0
2024-09-16T20:09:20.253;141;1,0
2024-09-16T20:09:21.218;141;1,0
2024-09-16T20:09:22.243;140;1,0
2024-09-16T20:09:23.223;140;1,1
2024-09-16T20:09:24.252;140;0,9
2024-09-16T20:09:25.313;140;0,9
2024-09-16T20:09:26.212;140;1,0
2024-09-16T20:09:27.230;141;0,9
2024-09-16T20:09:28.200;141;0,9
2024-09-16T20:09:29.234;141;0,9
2024-09-16T20:09:30.218;142;1,0
2024-09-16T20:09:31.231;143;1,2
2024-09-16T20:09:32.207;144;1,2
2024-09-16T20:09:33.327;144;1,2
2024-09-16T20:09:34.228;145;1,2
2024-09-16T20:09:35.326;145;1,2
2024-09-16T20:09:36.341;146;1,2
2024-09-16T20:09:37.261;146;1,2
2024-09-16T20:09:38.257;145;1,3
2024-09-16T20:09:39.219;145;1,5
2024-09-16T20:09:40.267;144;1,5
2024-09-16T20:09:41.269;142;1,6
2024-09-16T20:09:42.235;142;1,6
2024-09-16T20:09:43.226;141;1,6
2024-09-16T20:09:44.217;141;1,5
2024-09-16T20:09:45.249;141;1,5
2024-09-16T20:09:46.280;141;1,4
2024-09-16T20:09:47.238;141;1,4
2024-09-16T20:09:48.308;141;1,4
2024-09-16T20:09:49.207;140;1,4
2024-09-16T20:09:50.226;140;1,2
2024-09-16T20:09:51.236;139;1,1
2024-09-16T20:09:52.223;139;1,1
2024-09-16T20:09:53.213;138;0,8
2024-09-16T20:09:54.205;138;0,9
2024-09-16T20:09:55.200;139;0,9
2024-09-16T20:09:56.249;139;1,0
2024-09-16T20:09:57.240;139;1,0
2024-09-16T20:09:58.207;138;1,2
2024-09-16T20:09:59.231;138;1,2
2024-09-16T20:10:00.305;138;1,2
2024-09-16T20:10:01.340;138;1,3
2024-09-16T20:10:02.241;138;1,2
2024-09-16T20:10:03.205;137;1,2
2024-09-16T20:10:04.212;137;1,2
2024-09-16T20:10:05.247;137;1,2
2024-09-16T20:10:06.218;137;1,2
2024-09-16T20:10:07.216;137;1,1
2024-09-16T20:10:08.194;137;1,1
2024-09-16T20:10:09.237;137;1,1
2024-09-16T20:10:10.225;136;1,1
2024-09-16T20:10:11.239;137;0,7
2024-09-16T20:10:12.214;137;0,8
2024-09-16T20:10:13.249;137;0,8
2024-09-16T20:10:14.231;138;0,7
2024-09-16T20:10:15.224;138;0,7
2024-09-16T20:10:16.212;138;0,7
2024-09-16T20:10:17.304;138;0,7
2024-09-16T20:10:18.234;138;0,6
2024-09-16T20:10:19.222;138;0,6
2024-09-16T20:10:20.282;138;0,6
2024-09-16T20:10:21.200;138;0,6
2024-09-16T20:10:22.224;138;0,6
2024-09-16T20:10:23.231;138;0,6
2024-09-16T20:10:24.240;138;0,5
2024-09-16T20:10:25.235;138;0,5
2024-09-16T20:10:26.201;138;0,5
2024-09-16T20:10:27.263;138;0,6
2024-09-16T20:10:28.252;138;0,7
2024-09-16T20:10:29.241;138;0,7
2024-09-16T20:10:30.206;139;0,9
2024-09-16T20:10:31.206;139;0,9
2024-09-16T20:10:32.249;139;0,9
2024-09-16T20:10:33.248;139;0,9
2024-09-16T20:10:34.237;139;0,9
2024-09-16T20:10:35.248;139;0,9
2024-09-16T20:10:36.309;139;1,1
2024-09-16T20:10:37.228;140;1,1
2024-09-16T20:10:38.239;140;1,1
2024-09-16T20:10:39.252;140;1,1
2024-09-16T20:10:40.192;140;1,0
2024-09-16T20:10:41.237;140;0,9
2024-09-16T20:10:42.243;140;0,9
2024-09-16T20:10:43.246;140;0,9
2024-09-16T20:10:44.197;140;0,9
2024-09-16T20:10:45.241;140;0,8
2024-09-16T20:10:46.253;140;0,8
2024-09-16T20:10:47.236;140;0,9
2024-09-16T20:10:48.205;141;0,9
2024-09-16T20:10:49.195;141;0,9
2024-09-16T20:10:50.275;141;0,9
2024-09-16T20:10:51.245;141;1,0
2024-09-16T20:10:52.241;141;1,0
2024-09-16T20:10:53.205;142;1,0
2024-09-16T20:10:54.233;142;1,0
2024-09-16T20:10:55.249;142;1,0
2024-09-16T20:10:56.241;142;1,0
2024-09-16T20:10:57.208;142;1,0
2024-09-16T20:10:58.191;142;1,0
2024-09-16T20:10:59.235;142;1,0
2024-09-16T20:11:00.245;142;0,8
2024-09-16T20:11:01.228;143;0,9
2024-09-16T20:11:02.225;143;1,1
2024-09-16T20:11:03.234;144;1,0
2024-09-16T20:11:04.254;145;1,2
2024-09-16T20:11:05.241;145;1,3
2024-09-16T20:11:06.235;146;1,3
2024-09-16T20:11:07.193;147;1,4
2024-09-16T20:11:08.239;148;1,4
2024-09-16T20:11:09.249;148;1,4
2024-09-16T20:11:10.233;148;1,4
2024-09-16T20:11:11.198;148;1,4
2024-09-16T20:11:12.236;149;1,4
2024-09-16T20:11:13.236;149;1,3
2024-09-16T20:11:14.253;150;1,3
2024-09-16T20:11:15.208;150;1,1
2024-09-16T20:11:16.197;151;1,1
2024-09-16T20:11:17.231;151;1,0
2024-09-16T20:11:18.297;152;1,1
2024-09-16T20:11:19.229;152;0,9
2024-09-16T20:11:20.225;152;0,9
2024-09-16T20:11:21.234;153;0,9
2024-09-16T20:11:22.241;153;0,9
2024-09-16T20:11:23.240;154;0,9
2024-09-16T20:11:24.225;154;0,9
2024-09-16T20:11:25.267;154;0,8
2024-09-16T20:11:26.232;154;0,9
2024-09-16T20:11:27.281;154;1,1
2024-09-16T20:11:28.237;154;1,5
2024-09-16T20:11:29.226;154;1,6
2024-09-16T20:11:30.263;154;1,7
2024-09-16T20:11:31.228;154;1,7
2024-09-16T20:11:32.245;154;1,6
2024-09-16T20:11:33.277;155;1,6
2024-09-16T20:11:34.224;155;1,7
2024-09-16T20:11:35.234;156;1,7
2024-09-16T20:11:36.219;156;1,7
2024-09-16T20:11:37.236;156;1,7
2024-09-16T20:11:38.221;156;1,6
2024-09-16T20:11:39.313;157;1,4
2024-09-16T20:11:40.274;158;1,2
2024-09-16T20:11:41.239;158;1,2
2024-09-16T20:11:42.231;159;1,2
2024-09-16T20:11:43.271;160;1,2
2024-09-16T20:11:44.254;160;1,2
2024-09-16T20:11:45.220;160;1,0
2024-09-16T20:11:46.236;161;1,1
2024-09-16T20:11:47.223;162;1,1
2024-09-16T20:11:48.256;162;1,1
2024-09-16T20:11:49.223;163;1,2
2024-09-16T20:11:50.215;164;0,9
2024-09-16T20:11:51.232;165;0,8
2024-09-16T20:11:52.212;166;0,9
2024-09-16T20:11:53.237;166;0,8
2024-09-16T20:11:54.224;166;1,3
2024-09-16T20:11:55.210;167;1,3
2024-09-16T20:11:56.224;167;1,3
2024-09-16T20:11:57.264;167;1,3
2024-09-16T20:11:58.229;167;1,2
2024-09-16T20:11:59.231;167;1,2
2024-09-16T20:12:00.232;168;1,2
2024-09-16T20:12:01.219;168;1,2
2024-09-16T20:12:02.257;168;1,3
2024-09-16T20:12:03.222;168;1,4
2024-09-16T20:12:04.269;169;1,3
2024-09-16T20:12:05.227;169;1,0
2024-09-16T20:12:06.262;170;0,9
2024-09-16T20:12:07.243;170;0,9
2024-09-16T20:12:08.226;170;0,9
2024-09-16T20:12:09.237;170;0,9
2024-09-16T20:12:10.217;171;0,9
2024-09-16T20:12:11.263;171;0,9
2024-09-16T20:12:12.219;171;0,7
2024-09-16T20:12:13.218;171;0,6
2024-09-16T20:12:14.221;171;0,5
2024-09-16T20:12:15.263;172;0,6
2024-09-16T20:12:16.251;172;0,5
2024-09-16T20:12:17.213;172;0,5
2024-09-16T20:12:18.236;172;0,6
2024-09-16T20:12:19.197;173;0,6
2024-09-16T20:12:20.236;173;0,6
2024-09-16T20:12:21.251;173;0,5
2024-09-16T20:12:22.210;173;0,5
2024-09-16T20:12:23.201;173;0,5
2024-09-16T20:12:24.261;173;0,5
2024-09-16T20:12:25.248;172;0,5
2024-09-16T20:12:26.217;172;0,5
2024-09-16T20:12:27.254;171;0,6
2024-09-16T20:12:28.221;171;0,6
2024-09-16T20:12:29.341;171;0,6
2024-09-16T20:12:30.286;171;0,6
2024-09-16T20:12:31.210;170;0,7
2024-09-16T20:12:32.224;170;0,7
2024-09-16T20:12:33.259;170;0,7
2024-09-16T20:12:34.229;169;0,7
2024-09-16T20:12:35.211;169;0,8
2024-09-16T20:12:36.216;169;0,8
2024-09-16T20:12:37.217;169;0,7
2024-09-16T20:12:38.252;168;0,9
2024-09-16T20:12:39.243;167;0,9
2024-09-16T20:12:40.205;167;0,9
2024-09-16T20:12:41.235;166;0,9
2024-09-16T20:12:42.260;166;0,8
2024-09-16T20:12:43.250;166;0,9
2024-09-16T20:12:44.241;165;0,9
2024-09-16T20:12:45.214;165;0,9
2024-09-16T20:12:46.222;165;0,9
2024-09-16T20:12:47.253;165;0,8
2024-09-16T20:12:48.243;165;0,8
2024-09-16T20:12:49.208;165;0,6
2024-09-16T20:12:50.217;165;0,6
2024-09-16T20:12:51.304;164;0,8
2024-09-16T20:12:52.244;163;0,9
2024-09-16T20:12:53.215;163;0,9
2024-09-16T20:12:54.198;162;0,9
2024-09-16T20:12:55.213;162;1,0
2024-09-16T20:12:56.254;161;1,0
2024-09-16T20:12:57.218;160;1,0
2024-09-16T20:12:58.208;159;1,1
2024-09-16T20:12:59.203;158;1,2
2024-09-16T20:13:00.327;157;1,2
2024-09-16T20:13:01.316;157;1,2
2024-09-16T20:13:02.399;157;1,1
2024-09-16T20:13:03.202;156;1,1
2024-09-16T20:13:04.278;155;1,1
2024-09-16T20:13:05.296;154;1,3
2024-09-16T20:13:06.218;153;1,3
2024-09-16T20:13:07.252;153;1,2
2024-09-16T20:13:08.197;152;1,2
2024-09-16T20:13:09.260;152;1,1
2024-09-16T20:13:10.251;152;1,1
2024-09-16T20:13:11.284;152;1,1
2024-09-16T20:13:12.216;152;1,1
2024-09-16T20:13:13.206;152;1,1
2024-09-16T20:13:14.260;152;1,0
2024-09-16T20:13:15.286;152;0,9
2024-09-16T20:13:16.207;152;0,6
2024-09-16T20:13:17.197;151;0,7
2024-09-16T20:13:18.278;151;0,8
2024-09-16T20:13:19.275;151;0,8
2024-09-16T20:13:20.278;150;0,9
2024-09-16T20:13:21.203;150;0,9
2024-09-16T20:13:22.222;149;0,9
2024-09-16T20:13:23.230;149;0,9
2024-09-16T20:13:24.242;149;1,0
2024-09-16T20:13:25.230;149;1,0
2024-09-16T20:13:26.198;148;1,1
2024-09-16T20:13:27.229;149;1,1
2024-09-16T20:13:28.244;149;1,1
2024-09-16T20:13:29.233;149;1,0
2024-09-16T20:13:30.224;149;0,9
2024-09-16T20:13:31.191;149;1,0
2024-09-16T20:13:32.253;149;0,9
2024-09-16T20:13:33.242;148;1,1
2024-09-16T20:13:34.237;147;1,1
2024-09-16T20:13:35.245;146;1,3
2024-09-16T20:13:36.232;145;1,3
2024-09-16T20:13:37.296;145;1,2
2024-09-16T20:13:38.215;145;1,1
2024-09-16T20:13:39.203;144;1,1
2024-09-16T20:13:40.198;144;1,2
2024-09-16T20:13:41.228;144;1,2
2024-09-16T20:13:42.244;144;1,3
2024-09-16T20:13:43.225;144;1,2
2024-09-16T20:13:44.216;144;1,2
2024-09-16T20:13:45.239;144;1,1
2024-09-16T20:13:46.250;145;1,1
2024-09-16T20:13:47.287;145;0,9
2024-09-16T20:13:48.227;145;0,9
2024-09-16T20:13:49.197;146;0,9
2024-09-16T20:13:50.228;146;0,9
2024-09-16T20:13:51.244;146;0,9
2024-09-16T20:13:52.236;145;0,9
2024-09-16T20:13:53.223;146;0,9
2024-09-16T20:13:54.238;146;0,9
2024-09-16T20:13:55.283;147;0,9
2024-09-16T20:13:56.241;147;0,9
2024-09-16T20:13:57.236;147;1,0
2024-09-16T20:13:58.197;146;1,1
2024-09-16T20:13:59.233;145;1,2
2024-09-16T20:14:00.246;144;1,2
2024-09-16T20:14:01.210;144;1,2
2024-09-16T20:14:02.219;143;1,2
2024-09-16T20:14:03.232;143;1,2
2024-09-16T20:14:04.225;143;1,2
2024-09-16T20:14:05.215;143;1,2
2024-09-16T20:14:06.222;144;1,1
2024-09-16T20:14:07.214;144;1,2
2024-09-16T20:14:08.274;144;1,2
2024-09-16T20:14:09.268;144;1,1
2024-09-16T20:14:10.319;144;1,0
2024-09-16T20:14:11.222;145;0,8
2024-09-16T20:14:12.234;145;0,8
2024-09-16T20:14:13.222;145;0,8
2024-09-16T20:14:14.237;144;1,1
2024-09-16T20:14:15.227;144;1,0
2024-09-16T20:14:16.221;143;1,1
2024-09-16T20:14:17.238;143;1,1
2024-09-16T20:14:18.224;144;1,1
2024-09-16T20:14:19.277;144;1,1
2024-09-16T20:14:20.220;144;1,1
2024-09-16T20:14:21.259;145;1,2
2024-09-16T20:14:22.223;145;1,2
2024-09-16T20:14:23.242;146;1,1
2024-09-16T20:14:24.221;146;1,1
2024-09-16T20:14:25.218;146;1,1
2024-09-16T20:14:26.228;147;1,2
2024-09-16T20:14:27.236;147;1,3
2024-09-16T20:14:28.234;146;1,3
2024-09-16T20:14:29.222;146;1,3
2024-09-16T20:14:30.261;146;1,3
2024-09-16T20:14:31.222;147;1,3
2024-09-16T20:14:32.222;148;1,4
2024-09-16T20:14:33.226;149;1,4
2024-09-16T20:14:34.216;149;1,5
2024-09-16T20:14:35.232;150;1,5
2024-09-16T20:14:36.218;151;1,6
2024-09-16T20:14:37.278;152;1,6
2024-09-16T20:14:38.227;152;1,6
2024-09-16T20:14:39.236;152;1,4
2024-09-16T20:14:40.228;153;1,4
2024-09-16T20:14:41.218;153;1,5
2024-09-16T20:14:42.233;154;1,5
2024-09-16T20:14:43.217;155;1,4
2024-09-16T20:14:44.251;155;1,4
2024-09-16T20:14:45.225;156;1,3
2024-09-16T20:14:46.233;157;1,4
2024-09-16T20:14:47.220;157;1,5
2024-09-16T20:14:48.262;158;1,3
2024-09-16T20:14:49.224;158;1,2
2024-09-16T20:14:50.211;158;1,2
2024-09-16T20:14:51.277;158;1,3
2024-09-16T20:14:52.216;158;1,3
2024-09-16T20:14:53.255;159;1,2
2024-09-16T20:14:54.221;160;1,2
2024-09-16T20:14:55.211;160;1,2
2024-09-16T20:14:56.217;161;1,2
2024-09-16T20:14:57.258;161;1,0
2024-09-16T20:14:58.296;162;1,0
2024-09-16T20:14:59.258;162;1,2
2024-09-16T20:15:00.234;163;1,8
2024-09-16T20:15:01.218;163;2,3
2024-09-16T20:15:02.266;164;2,3
2024-09-16T20:15:03.219;164;2,3
2024-09-16T20:15:04.220;164;2,3
2024-09-16T20:15:05.228;165;2,3
2024-09-16T20:15:06.261;165;2,3
2024-09-16T20:15:07.247;165;2,3
2024-09-16T20:15:08.216;165;2,3
2024-09-16T20:15:09.240;165;2,2
2024-09-16T20:15:10.199;166;1,9
2024-09-16T20:15:11.230;166;1,4
2024-09-16T20:15:12.245;166;1,5
2024-09-16T20:15:13.208;166;1,4
2024-09-16T20:15:14.227;166;1,4
2024-09-16T20:15:15.261;167;1,4
2024-09-16T20:15:16.249;167;1,3
2024-09-16T20:15:17.216;167;1,3
2024-09-16T20:15:18.210;166;1,3
2024-09-16T20:15:19.288;166;1,2
2024-09-16T20:15:20.293;166;1,2
2024-09-16T20:15:21.242;166;1,2
2024-09-16T20:15:22.212;167;0,7
2024-09-16T20:15:23.270;167;0,5
2024-09-16T20:15:24.306;167;0,5
2024-09-16T20:15:25.244;167;0,6
2024-09-16T20:15:26.235;168;0,7
2024-09-16T20:15:27.202;168;0,8
2024-09-16T20:15:28.217;169;0,8
2024-09-16T20:15:29.256;170;0,8
2024-09-16T20:15:30.247;170;0,9
2024-09-16T20:15:31.211;171;1,0
2024-09-16T20:15:32.267;171;1,0
2024-09-16T20:15:33.260;171;0,9
2024-09-16T20:15:34.248;172;0,9
2024-09-16T20:15:35.220;172;0,9
2024-09-16T20:15:36.219;173;0,8
2024-09-16T20:15:37.221;173;1,1
2024-09-16T20:15:38.254;174;1,1
2024-09-16T20:15:39.243;174;1,0
2024-09-16T20:15:40.256;173;1,0
2024-09-16T20:15:41.207;173;1,0
2024-09-16T20:15:42.263;173;0,9
2024-09-16T20:15:43.232;173;1,0
2024-09-16T20:15:44.242;173;1,0
2024-09-16T20:15:45.209;174;1,0
2024-09-16T20:15:46.238;174;1,0
2024-09-16T20:15:47.228;174;0,6
2024-09-16T20:15:48.286;174;0,7
2024-09-16T20:15:49.277;173;0,7
2024-09-16T20:15:50.215;173;0,7
2024-09-16T20:15:51.260;173;0,9
2024-09-16T20:15:52.246;173;0,9
2024-09-16T20:15:53.237;172;0,9
2024-09-16T20:15:54.206;172;1,0
2024-09-16T20:15:55.239;171;1,0
2024-09-16T20:15:56.238;170;1,0
2024-09-16T20:15:57.240;170;1,0
2024-09-16T20:15:58.232;169;1,1
2024-09-16T20:15:59.205;169;1,1
2024-09-16T20:16:00.237;168;1,1
2024-09-16T20:16:01.253;168;1,1
2024-09-16T20:16:02.244;167;1,0
2024-09-16T20:16:03.210;166;1,0
2024-09-16T20:16:04.199;166;0,9
2024-09-16T20:16:05.248;165;0,9
2024-09-16T20:16:06.244;165;0,9
2024-09-16T20:16:07.233;165;1,0
2024-09-16T20:16:08.201;165;1,0
2024-09-16T20:16:09.236;165;0,8
2024-09-16T20:16:10.251;165;0,9
2024-09-16T20:16:11.242;164;0,9
2024-09-16T20:16:12.229;163;0,9
2024-09-16T20:16:13.197;163;0,9
2024-09-16T20:16:14.232;162;0,9
2024-09-16T20:16:15.241;161;1,0
2024-09-16T20:16:16.236;161;0,9
2024-09-16T20:16:17.199;160;1,0
2024-09-16T20:16:18.237;161;1,0
2024-09-16T20:16:19.258;160;1,0
2024-09-16T20:16:20.251;160;1,1
2024-09-16T20:16:21.203;159;0,9
2024-09-16T20:16:22.195;158;1,0
2024-09-16T20:16:23.234;158;0,9
2024-09-16T20:16:24.242;158;0,9
2024-09-16T20:16:25.234;157;0,9
2024-09-16T20:16:26.197;157;0,8
2024-09-16T20:16:27.233;156;0,9
2024-09-16T20:16:28.255;156;0,9
2024-09-16T20:16:29.233;156;0,8
2024-09-16T20:16:30.225;156;0,8
2024-09-16T20:16:31.193;155;0,8
2024-09-16T20:16:32.247;155;0,7
2024-09-16T20:16:33.242;155;0,6
2024-09-16T20:16:34.232;154;0,6
2024-09-16T20:16:35.221;154;0,8
2024-09-16T20:16:36.238;153;0,8
2024-09-16T20:16:37.297;151;0,9
2024-09-16T20:16:38.282;151;0,8
2024-09-16T20:16:39.277;151;0,9
2024-09-16T20:16:40.192;151;0,9
2024-09-16T20:16:41.231;151;0,9
2024-09-16T20:16:42.238;151;0,9
2024-09-16T20:16:43.226;150;1,1
2024-09-16T20:16:44.220;149;1,1
2024-09-16T20:16:45.239;149;1,1
2024-09-16T20:16:46.244;149;1,1
2024-09-16T20:16:47.234;149;1,0
2024-09-16T20:16:48.223;149;0,9
2024-09-16T20:16:49.192;149;1,0
2024-09-16T20:16:50.231;148;1,1
2024-09-16T20:16:51.220;148;1,1
2024-09-16T20:16:52.235;147;1,1
2024-09-16T20:16:53.220;147;1,1
2024-09-16T20:16:54.237;147;1,0
2024-09-16T20:16:55.222;147;1,0
2024-09-16T20:16:56.236;147;1,0
2024-09-16T20:16:57.234;147;1,0
2024-09-16T20:16:58.307;146;1,0
2024-09-16T20:16:59.228;146;1,0
2024-09-16T20:17:00.229;145;1,0
2024-09-16T20:17:01.232;145;0,9
2024-09-16T20:17:02.219;146;0,8
2024-09-16T20:17:03.257;146;0,8
2024-09-16T20:17:04.226;146;0,8
2024-09-16T20:17:05.234;146;0,8
2024-09-16T20:17:06.231;146;0,8
2024-09-16T20:17:07.196;146;0,8
2024-09-16T20:17:08.246;145;0,9
2024-09-16T20:17:09.219;145;0,8
2024-09-16T20:17:10.234;145;0,8
2024-09-16T20:17:11.200;145;0,8
2024-09-16T20:17:12.255;145;0,7
2024-09-16T20:17:13.225;146;0,8
2024-09-16T20:17:14.235;146;0,8
2024-09-16T20:17:15.206;146;0,7
2024-09-16T20:17:16.217;146;1,0
2024-09-16T20:17:17.350;145;1,0
2024-09-16T20:17:18.221;145;1,2
2024-09-16T20:17:19.234;145;1,2
2024-09-16T20:17:20.276;145;1,2
2024-09-16T20:17:21.257;145;1,2
2024-09-16T20:17:22.227;145;1,2
2024-09-16T20:17:23.216;145;1,2
2024-09-16T20:17:24.226;145;1,2
2024-09-16T20:17:25.192;144;1,3
2024-09-16T20:17:26.249;143;1,3
2024-09-16T20:17:27.263;143;1,4
2024-09-16T20:17:28.279;142;1,2
2024-09-16T20:17:29.244;142;1,2
2024-09-16T20:17:30.257;142;1,0
2024-09-16T20:17:31.220;143;1,1
2024-09-16T20:17:32.323;143;1,0
2024-09-16T20:17:33.228;144;1,1
2024-09-16T20:17:34.216;144;1,1
2024-09-16T20:17:35.253;144;1,1
2024-09-16T20:17:36.214;144;1,1
2024-09-16T20:17:37.243;143;1,1
2024-09-16T20:17:38.220;144;1,0
2024-09-16T20:17:39.250;144;0,9
2024-09-16T20:17:40.244;144;0,9
2024-09-16T20:17:41.220;144;0,9
2024-09-16T20:17:42.224;144;0,9
2024-09-16T20:17:43.217;145;0,8
2024-09-16T20:17:44.251;145;0,9
2024-09-16T20:17:45.224;146;0,9
2024-09-16T20:17:46.207;146;0,8
2024-09-16T20:17:47.220;146;1,0
2024-09-16T20:17:48.259;145;1,0
2024-09-16T20:17:49.245;145;1,0
2024-09-16T20:17:50.211;144;1,0
2024-09-16T20:17:51.224;144;1,1
2024-09-16T20:17:52.218;144;1,1
2024-09-16T20:17:53.252;144;1,0
2024-09-16T20:17:54.244;144;1,0
2024-09-16T20:17:55.217;144;1,0
2024-09-16T20:17:56.218;144;0,9
2024-09-16T20:17:57.302;144;0,8
2024-09-16T20:17:58.243;144;0,9
2024-09-16T20:17:59.212;144;0,8
2024-09-16T20:18:00.200;144;0,7
2024-09-16T20:18:01.214;144;0,7
2024-09-16T20:18:02.257;145;0,8
2024-09-16T20:18:03.262;145;0,7
2024-09-16T20:18:04.207;145;0,7
2024-09-16T20:18:05.220;146;0,9
2024-09-16T20:18:06.348;146;1,0
2024-09-16T20:18:07.248;148;1,1
2024-09-16T20:18:08.217;148;1,1
2024-09-16T20:18:09.209;149;1,1
2024-09-16T20:18:10.221;149;1,1
2024-09-16T20:18:11.255;150;1,2
2024-09-16T20:18:12.251;152;1,3
2024-09-16T20:18:13.209;152;1,2
2024-09-16T20:18:14.251;153;1,2
2024-09-16T20:18:15.257;154;1,3
2024-09-16T20:18:16.243;155;1,5
2024-09-16T20:18:17.260;157;1,3
2024-09-16T20:18:18.249;158;1,3
2024-09-16T20:18:19.243;159;1,4
2024-09-16T20:18:20.228;161;1,4
2024-09-16T20:18:21.243;162;1,5
2024-09-16T20:18:22.205;162;1,4
2024-09-16T20:18:23.196;163;1,3
2024-09-16T20:18:24.253;163;1,3
2024-09-16T20:18:25.222;164;1,2
2024-09-16T20:18:26.235;164;1,4
2024-09-16T20:18:27.204;164;1,5
2024-09-16T20:18:28.216;164;1,6
2024-09-16T20:18:29.252;165;1,5
2024-09-16T20:18:30.240;164;1,5
2024-09-16T20:18:31.208;164;1,4
2024-09-16T20:18:32.200;165;1,3
2024-09-16T20:18:33.232;165;1,3
2024-09-16T20:18:34.337;165;1,4
2024-09-16T20:18:35.278;166;1,4
2024-09-16T20:18:36.201;166;1,3
2024-09-16T20:18:37.216;166;0,9
2024-09-16T20:18:38.247;166;0,6
2024-09-16T20:18:39.240;166;0,6
2024-09-16T20:18:40.227;166;0,6
2024-09-16T20:18:41.195;166;0,6
2024-09-16T20:18:42.253;166;0,6
2024-09-16T20:18:43.248;165;0,6
2024-09-16T20:18:44.259;165;0,6
2024-09-16T20:18:45.201;164;0,6
2024-09-16T20:18:46.191;163;0,6
2024-09-16T20:18:47.248;163;0,6
2024-09-16T20:18:48.239;163;0,7
2024-09-16T20:18:49.205;163;0,7
2024-09-16T20:18:50.196;163;0,7
2024-09-16T20:18:51.231;163;0,8
2024-09-16T20:18:52.247;162;0,8
2024-09-16T20:18:53.233;161;0,8
2024-09-16T20:18:54.226;161;0,8
2024-09-16T20:18:55.237;161;0,7
2024-09-16T20:18:56.242;160;0,8
2024-09-16T20:18:57.285;160;0,8
2024-09-16T20:18:58.228;159;0,8
2024-09-16T20:18:59.198;159;0,7
2024-09-16T20:19:00.236;159;0,8
2024-09-16T20:19:01.244;159;0,7
2024-09-16T20:19:02.234;158;0,8
2024-09-16T20:19:03.199;157;0,7
2024-09-16T20:19:04.215;157;0,8
2024-09-16T20:19:05.230;156;0,9
2024-09-16T20:19:06.328;156;1,0
2024-09-16T20:19:07.252;156;0,9
2024-09-16T20:19:08.242;156;0,9
2024-09-16T20:19:09.234;156;0,9
2024-09-16T20:19:10.245;155;0,9
2024-09-16T20:19:11.213;155;0,9
2024-09-16T20:19:12.221;155;1,0
2024-09-16T20:19:13.191;154;0,9
2024-09-16T20:19:14.229;153;0,9
2024-09-16T20:19:15.240;153;0,9
2024-09-16T20:19:16.227;152;0,9
2024-09-16T20:19:17.262;152;0,8
2024-09-16T20:19:18.233;152;0,6
2024-09-16T20:19:19.243;152;0,6
2024-09-16T20:19:20.235;151;0,9
2024-09-16T20:19:21.220;150;0,9
2024-09-16T20:19:22.188;149;1,0
2024-09-16T20:19:23.232;148;1,1
2024-09-16T20:19:24.242;147;1,1
2024-09-16T20:19:25.229;147;1,1
2024-09-16T20:19:26.217;147;1,1
2024-09-16T20:19:27.234;147;1,1
2024-09-16T20:19:28.221;147;1,1
2024-09-16T20:19:29.215;147;1,1
2024-09-16T20:19:30.225;146;1,1
2024-09-16T20:19:31.237;146;0,9
2024-09-16T20:19:32.228;145;0,9
2024-09-16T20:19:33.237;145;0,9
2024-09-16T20:19:34.364;145;0,8
2024-09-16T20:19:35.215;144;0,6
2024-09-16T20:19:36.240;144;0,7
2024-09-16T20:19:37.218;143;0,8
2024-09-16T20:19:38.239;144;1,1
2024-09-16T20:19:39.275;145;1,1
2024-09-16T20:19:40.188;145;1,1
2024-09-16T20:19:41.231;144;1,3
2024-09-16T20:19:42.239;144;1,3
2024-09-16T20:19:43.275;143;1,4
2024-09-16T20:19:44.216;142;1,6
2024-09-16T20:19:45.232;142;1,8
2024-09-16T20:19:46.218;142;1,9
2024-09-16T20:19:47.235;143;1,9
2024-09-16T20:19:48.223;143;1,8
2024-09-16T20:19:49.190;143;1,8
2024-09-16T20:19:50.224;143;1,7
2024-09-16T20:19:51.213;143;1,7
2024-09-16T20:19:52.229;143;1,7
2024-09-16T20:19:53.195;143;1,5
2024-09-16T20:19:54.231;143;1,5
2024-09-16T20:19:55.224;143;1,4
2024-09-16T20:19:56.236;143;1,2
2024-09-16T20:19:57.271;144;0,8
2024-09-16T20:19:58.261;144;0,7
2024-09-16T20:19:59.225;144;0,7
2024-09-16T20:20:00.258;144;0,9
2024-09-16T20:20:01.230;143;0,9
2024-09-16T20:20:02.221;143;1,2
2024-09-16T20:20:03.211;141;1,2
2024-09-16T20:20:04.222;141;1,2
2024-09-16T20:20:05.211;141;1,3
2024-09-16T20:20:06.226;141;1,3
2024-09-16T20:20:07.211;141;1,3
2024-09-16T20:20:08.250;141;1,3
2024-09-16T20:20:09.213;141;1,3
2024-09-16T20:20:10.226;141;1,3
2024-09-16T20:20:11.312;140;1,3
2024-09-16T20:20:12.206;140;1,2
2024-09-16T20:20:13.222;140;1,2
2024-09-16T20:20:14.212;140;0,9
2024-09-16T20:20:15.205;141;0,9
2024-09-16T20:20:16.195;141;0,9
2024-09-16T20:20:17.249;140;0,7
2024-09-16T20:20:18.216;140;0,7
2024-09-16T20:20:19.208;140;0,7
2024-09-16T20:20:20.218;140;0,9
2024-09-16T20:20:21.208;139;0,9
2024-09-16T20:20:22.243;140;0,9
2024-09-16T20:20:23.213;140;0,9
2024-09-16T20:20:24.224;140;0,9
2024-09-16T20:20:25.221;141;1,0
2024-09-16T20:20:26.253;141;1,0
2024-09-16T20:20:27.217;141;1,0
2024-09-16T20:20:28.299;141;1,0
2024-09-16T20:20:29.223;142;1,0
2024-09-16T20:20:30.210;142;1,0
2024-09-16T20:20:31.243;142;1,0
2024-09-16T20:20:32.214;142;0,9
2024-09-16T20:20:33.225;142;1,0
2024-09-16T20:20:34.216;142;1,0
2024-09-16T20:20:35.248;143;1,0
2024-09-16T20:20:36.221;143;1,0
2024-09-16T20:20:37.207;143;1,0
2024-09-16T20:20:38.221;143;1,0
2024-09-16T20:20:39.206;143;1,0
2024-09-16T20:20:40.245;143;1,0
2024-09-16T20:20:41.326;144;1,1
2024-09-16T20:20:42.250;145;1,2
2024-09-16T20:20:43.213;146;1,2
2024-09-16T20:20:44.246;146;1,2
2024-09-16T20:20:45.217;146;1,1
2024-09-16T20:20:46.253;146;1,1
2024-09-16T20:20:47.267;146;1,0
2024-09-16T20:20:48.256;146;1,0
2024-09-16T20:20:49.223;146;1,0
2024-09-16T20:20:50.212;146;0,9
2024-09-16T20:20:51.207;145;0,9
2024-09-16T20:20:52.218;145;0,9
2024-09-16T20:20:53.227;145;0,8
2024-09-16T20:20:54.218;144;0,7
2024-09-16T20:20:55.206;144;0,7
2024-09-16T20:20:56.225;144;0,7
2024-09-16T20:20:57.213;143;0,6
2024-09-16T20:20:58.246;143;0,6
2024-09-16T20:20:59.238;143;0,7
2024-09-16T20:21:00.202;143;0,7
2024-09-16T20:21:01.218;143;0,7
2024-09-16T20:21:02.252;144;0,7
2024-09-16T20:21:03.237;143;0,9
2024-09-16T20:21:04.210;143;0,9
2024-09-16T20:21:05.249;143;0,8
2024-09-16T20:21:06.212;142;0,8
2024-09-16T20:21:07.294;142;0,8
2024-09-16T20:21:08.234;142;0,8
2024-09-16T20:21:09.207;142;0,8
2024-09-16T20:21:10.218;142;0,8
2024-09-16T20:21:11.252;142;0,9
2024-09-16T20:21:12.246;142;1,0
2024-09-16T20:21:13.211;142;0,9
2024-09-16T20:21:14.199;143;1,0
2024-09-16T20:21:15.213;143;0,9
2024-09-16T20:21:16.251;143;0,9
2024-09-16T20:21:17.234;143;1,0
2024-09-16T20:21:18.315;143;1,0
2024-09-16T20:21:19.234;142;1,1
2024-09-16T20:21:20.255;142;1,1
2024-09-16T20:21:21.242;141;1,1
2024-09-16T20:21:22.207;142;1,2
2024-09-16T20:21:23.221;142;1,2
2024-09-16T20:21:24.257;143;1,2
2024-09-16T20:21:25.250;143;1,1
2024-09-16T20:21:26.237;143;1,2
2024-09-16T20:21:27.207;142;1,3
2024-09-16T20:21:28.244;141;1,4
2024-09-16T20:21:29.255;141;1,4
2024-09-16T20:21:30.244;141;1,3
2024-09-16T20:21:31.211;141;1,2
2024-09-16T20:21:32.195;141;1,3
2024-09-16T20:21:33.303;140;1,3
2024-09-16T20:21:34.250;139;1,2
2024-09-16T20:21:35.235;139;1,1
2024-09-16T20:21:36.316;139;1,1
2024-09-16T20:21:37.237;139;1,2
2024-09-16T20:21:38.251;139;1,1
2024-09-16T20:21:39.213;140;1,2
2024-09-16T20:21:40.206;141;1,1
2024-09-16T20:21:41.285;141;1,1
2024-09-16T20:21:42.251;141;1,1
2024-09-16T20:21:43.306;140;1,5
2024-09-16T20:21:44.208;140;1,5
2024-09-16T20:21:45.206;139;1,5
2024-09-16T20:21:46.191;139;1,4
2024-09-16T20:21:47.225;138;1,4
2024-09-16T20:21:48.221;138;1,4
2024-09-16T20:21:49.212;138;1,4
2024-09-16T20:21:50.200;137;1,3
2024-09-16T20:21:51.201;137;1,3
2024-09-16T20:21:52.228;136;1,2
2024-09-16T20:21:53.212;136;1,2
2024-09-16T20:21:54.247;136;1,2
2024-09-16T20:21:55.191;137;0,8
2024-09-16T20:21:56.224;137;0,9
2024-09-16T20:21:57.222;138;0,8
2024-09-16T20:21:58.257;138;0,9
2024-09-16T20:21:59.204;137;0,9
2024-09-16T20:22:00.184;137;0,9
2024-09-16T20:22:01.250;137;0,9
2024-09-16T20:22:02.237;137;1,0
2024-09-16T20:22:03.230;138;1,0
2024-09-16T20:22:04.194;138;1,1
2024-09-16T20:22:05.235;138;1,1
2024-09-16T20:22:06.290;137;1,1
2024-09-16T20:22:07.235;136;1,5
2024-09-16T20:22:08.218;135;1,6
2024-09-16T20:22:09.187;134;1,6
2024-09-16T20:22:10.248;134;1,6
2024-09-16T20:22:11.241;134;1,7
2024-09-16T20:22:12.203;134;1,7
2024-09-16T20:22:13.192;135;1,7
2024-09-16T20:22:14.262;135;1,7
2024-09-16T20:22:15.264;134;1,9
2024-09-16T20:22:16.420;133;2,2
2024-09-16T20:22:17.333;131;3,0
2024-09-16T20:22:18.181;129;2,9
2024-09-16T20:22:19.317;129;2,9
2024-09-16T20:22:20.214;128;2,8
2024-09-16T20:22:21.205;128;2,8
2024-09-16T20:22:22.195;129;2,9
2024-09-16T20:22:23.233;130;2,9
2024-09-16T20:22:24.250;132;3,0
2024-09-16T20:22:25.238;133;3,1
2024-09-16T20:22:26.274;134;3,1
2024-09-16T20:22:27.241;134;3,2
2024-09-16T20:22:28.267;134;3,2
2024-09-16T20:22:29.238;134;2,8
2024-09-16T20:22:30.228;134;2,0
2024-09-16T20:22:31.216;135;2,2
2024-09-16T20:22:32.235;136;2,2
2024-09-16T20:22:33.218;137;2,2
2024-09-16T20:22:34.330;137;2,1
2024-09-16T20:22:35.386;137;2,1
