Phone timestamp;HR [bpm];HRV [ms];Breathing interval [rpm];
2024-09-16T18:38:57.422;100
2024-09-16T18:38:58.279;103
2024-09-16T18:38:59.296;105;4,8
2024-09-16T18:39:00.258;105;5,3
2024-09-16T18:39:01.339;105;4,9
2024-09-16T18:39:02.272;104;5,9
2024-09-16T18:39:03.315;100;12,9
2024-09-16T18:39:04.316;98;13,2
2024-09-16T18:39:05.253;95;12,8
2024-09-16T18:39:06.241;94;12,4
2024-09-16T18:39:07.277;93;12,5
2024-09-16T18:39:08.270;94;13,1
2024-09-16T18:39:09.267;97;13,4
2024-09-16T18:39:10.248;98;13,7
2024-09-16T18:39:11.244;101;13,1
2024-09-16T18:39:12.272;101;12,7
2024-09-16T18:39:13.264;101;12,6
2024-09-16T18:39:14.331;102;12,1
2024-09-16T18:39:15.249;102;12,0
2024-09-16T18:39:16.276;102;12,0
2024-09-16T18:39:17.273;100;12,0
2024-09-16T18:39:18.268;100;11,9
2024-09-16T18:39:19.318;103;12,6
2024-09-16T18:39:20.239;106;10,5
2024-09-16T18:39:21.294;110;10,3
2024-09-16T18:39:22.278;112;10,0
2024-09-16T18:39:23.255;114;9,3
2024-09-16T18:39:24.245;115;8,2
2024-09-16T18:39:25.292;116;7,0
2024-09-16T18:39:26.288;117;6,1
2024-09-16T18:39:27.261;117;6,0
2024-09-16T18:39:28.655;117;6,0
2024-09-16T18:39:29.267;116;5,9
2024-09-16T18:39:30.311;116;5,8
2024-09-16T18:39:31.272;115;5,9
2024-09-16T18:39:32.256;114;6,0
2024-09-16T18:39:33.301;113;6,0
2024-09-16T18:39:34.384;113;4,0
2024-09-16T18:39:35.347;113;3,2
2024-09-16T18:39:36.258;114;2,4
2024-09-16T18:39:37.276;114;2,5
2024-09-16T18:39:38.262;114;2,4
2024-09-16T18:39:39.276;114;2,5
2024-09-16T18:39:40.273;115;2,6
2024-09-16T18:39:41.252;116;2,7
2024-09-16T18:39:42.247;116;2,7
2024-09-16T18:39:43.282;116;3,0
2024-09-16T18:39:44.287;115;3,6
2024-09-16T18:39:45.254;113;5,3
2024-09-16T18:39:46.259;109;6,4
2024-09-16T18:39:47.258;107;7,7
2024-09-16T18:39:48.273;104;7,7
2024-09-16T18:39:49.265;101;7,7
2024-09-16T18:39:50.258;102;8,6
2024-09-16T18:39:51.244;104;8,9
2024-09-16T18:39:52.320;105;8,9
2024-09-16T18:39:53.317;106;8,9
2024-09-16T18:39:54.313;106;8,9
2024-09-16T18:39:55.249;104;10,2
2024-09-16T18:39:56.236;101;11,6
2024-09-16T18:39:57.275;100;11,6
2024-09-16T18:39:58.269;99;11,6
2024-09-16T18:39:59.310;101;12,3
2024-09-16T18:40:00.240;103;12,5
2024-09-16T18:40:01.277;104;12,5
2024-09-16T18:40:02.284;104;11,6
2024-09-16T18:40:03.258;104;11,6
2024-09-16T18:40:04.265;103;10,7
2024-09-16T18:40:05.245;101;11,1
2024-09-16T18:40:06.273;101;11,3
2024-09-16T18:40:07.264;102;11,0
2024-09-16T18:40:08.254;104;11,0
2024-09-16T18:40:09.253;107;11,2
2024-09-16T18:40:10.278;108;11,2
2024-09-16T18:40:11.271;109;11,1
2024-09-16T18:40:12.320;109;8,3
2024-09-16T18:40:13.245;109;8,4
2024-09-16T18:40:14.245;108;8,4
2024-09-16T18:40:15.282;106;9,0
2024-09-16T18:40:16.420;103;8,9
2024-09-16T18:40:17.442;103;8,9
2024-09-16T18:40:18.296;103;9,7
2024-09-16T18:40:19.289;104;9,2
2024-09-16T18:40:20.265;105;9,2
2024-09-16T18:40:21.269;106;8,8
2024-09-16T18:40:22.262;109;9,0
2024-09-16T18:40:23.272;110;8,9
2024-09-16T18:40:24.341;110;8,7
2024-09-16T18:40:25.259;109;8,6
2024-09-16T18:40:26.303;108;8,7
2024-09-16T18:40:27.244;106;9,3
2024-09-16T18:40:28.275;104;9,4
2024-09-16T18:40:29.267;103;9,2
2024-09-16T18:40:30.315;103;9,2
2024-09-16T18:40:31.254;102;9,1
2024-09-16T18:40:32.247;103;7,3
2024-09-16T18:40:33.324;103;7,3
2024-09-16T18:40:34.260;102;7,2
2024-09-16T18:40:35.268;102;6,4
2024-09-16T18:40:36.243;103;6,3
2024-09-16T18:40:37.276;104;6,2
2024-09-16T18:40:38.314;104;6,1
2024-09-16T18:40:39.255;104;5,5
2024-09-16T18:40:40.275;103;6,0
2024-09-16T18:40:41.241;101;5,5
2024-09-16T18:40:42.319;101;5,4
2024-09-16T18:40:43.309;102;4,7
2024-09-16T18:40:44.337;103;5,1
2024-09-16T18:40:45.252;105;5,3
2024-09-16T18:40:46.311;106;5,3
2024-09-16T18:40:47.343;106;5,4
2024-09-16T18:40:48.374;105;5,8
2024-09-16T18:40:49.256;103;6,4
2024-09-16T18:40:50.237;103;6,4
2024-09-16T18:40:51.314;102;6,4
2024-09-16T18:40:52.333;101;6,2
2024-09-16T18:40:53.254;101;6,3
2024-09-16T18:40:54.330;101;6,3
2024-09-16T18:40:55.281;101;6,4
2024-09-16T18:40:56.269;103;6,7
2024-09-16T18:40:57.267;105;6,7
2024-09-16T18:40:58.247;106;6,9
2024-09-16T18:40:59.258;107;6,8
2024-09-16T18:41:00.275;106;7,4
2024-09-16T18:41:01.278;105;7,3
2024-09-16T18:41:02.427;102;8,1
2024-09-16T18:41:03.241;99;8,2
2024-09-16T18:41:04.275;100;10,6
2024-09-16T18:41:05.265;102;10,2
2024-09-16T18:41:06.281;105;10,5
2024-09-16T18:41:07.247;107;11,0
2024-09-16T18:41:08.259;109;11,0
2024-09-16T18:41:09.272;111;11,0
2024-09-16T18:41:10.271;112;10,9
2024-09-16T18:41:11.254;113;10,9
2024-09-16T18:41:12.245;115;10,7
2024-09-16T18:41:13.282;116;10,6
2024-09-16T18:41:14.268;118;10,5
2024-09-16T18:41:15.259;119;10,3
2024-09-16T18:41:16.258;122;8,9
2024-09-16T18:41:17.288;123;8,8
2024-09-16T18:41:18.273;125;5,6
2024-09-16T18:41:19.264;126;5,7
2024-09-16T18:41:20.253;127;4,7
2024-09-16T18:41:21.262;128;3,5
2024-09-16T18:41:22.276;128;3,4
2024-09-16T18:41:23.300;129;3,3
2024-09-16T18:41:24.258;129;3,2
2024-09-16T18:41:25.351;129;2,9
2024-09-16T18:41:26.235;130;2,9
2024-09-16T18:41:27.279;130;2,4
2024-09-16T18:41:28.307;130;2,1
2024-09-16T18:41:29.308;130;1,9
2024-09-16T18:41:30.349;131;1,9
2024-09-16T18:41:31.307;131;1,3
2024-09-16T18:41:32.316;132;1,2
2024-09-16T18:41:33.343;133;1,7
2024-09-16T18:41:34.531;134;1,7
2024-09-16T18:41:35.254;134;1,7
2024-09-16T18:41:36.276;134;1,7
2024-09-16T18:41:37.316;134;1,7
2024-09-16T18:41:38.255;134;1,7
2024-09-16T18:41:39.257;134;1,7
2024-09-16T18:41:40.284;133;1,8
2024-09-16T18:41:41.269;132;1,8
2024-09-16T18:41:42.316;132;1,8
2024-09-16T18:41:43.247;132;1,8
2024-09-16T18:41:44.506;132;1,8
2024-09-16T18:41:45.367;132;1,7
2024-09-16T18:41:46.351;132;1,2
2024-09-16T18:41:47.293;133;1,3
2024-09-16T18:41:48.241;133;1,4
2024-09-16T18:41:49.277;133;1,4
2024-09-16T18:41:50.265;133;1,4
2024-09-16T18:41:51.255;131;2,5
2024-09-16T18:41:52.265;130;2,5
2024-09-16T18:41:53.241;129;2,5
2024-09-16T18:41:54.291;128;2,4
2024-09-16T18:41:55.262;128;2,4
2024-09-16T18:41:56.260;128;2,6
2024-09-16T18:41:57.242;129;2,6
2024-09-16T18:41:58.282;130;2,6
2024-09-16T18:41:59.268;129;2,8
2024-09-16T18:42:00.256;128;3,1
2024-09-16T18:42:01.248;127;3,0
2024-09-16T18:42:02.242;126;3,0
2024-09-16T18:42:03.279;125;3,0
2024-09-16T18:42:04.295;125;2,5
2024-09-16T18:42:05.251;125;2,2
2024-09-16T18:42:06.241;124;2,1
2024-09-16T18:42:07.280;124;2,3
2024-09-16T18:42:08.269;123;2,3
2024-09-16T18:42:09.257;123;2,3
2024-09-16T18:42:10.248;123;2,0
2024-09-16T18:42:11.251;123;2,1
2024-09-16T18:42:12.271;124;2,1
2024-09-16T18:42:13.261;124;2,1
2024-09-16T18:42:14.258;124;1,7
2024-09-16T18:42:15.243;125;1,7
2024-09-16T18:42:16.279;125;2,0
2024-09-16T18:42:17.269;126;2,0
2024-09-16T18:42:18.259;127;2,0
2024-09-16T18:42:19.253;128;2,1
2024-09-16T18:42:20.251;129;2,3
2024-09-16T18:42:21.274;131;2,4
2024-09-16T18:42:22.306;132;2,4
2024-09-16T18:42:23.335;134;2,6
2024-09-16T18:42:24.242;134;2,6
2024-09-16T18:42:25.278;135;2,5
2024-09-16T18:42:26.271;135;2,3
2024-09-16T18:42:27.261;135;2,3
2024-09-16T18:42:28.270;136;2,4
2024-09-16T18:42:29.236;136;2,2
2024-09-16T18:42:30.273;137;2,2
2024-09-16T18:42:31.262;139;2,2
2024-09-16T18:42:32.256;139;2,0
2024-09-16T18:42:33.242;139;1,9
2024-09-16T18:42:34.278;140;1,8
2024-09-16T18:42:35.284;140;1,3
2024-09-16T18:42:36.300;141;1,3
2024-09-16T18:42:37.253;141;1,3
2024-09-16T18:42:38.248;142;1,3
2024-09-16T18:42:39.280;142;1,4
2024-09-16T18:42:40.267;143;1,3
2024-09-16T18:42:41.259;143;1,3
2024-09-16T18:42:42.270;144;1,5
2024-09-16T18:42:43.276;145;1,4
2024-09-16T18:42:44.270;145;1,4
2024-09-16T18:42:45.258;144;1,6
2024-09-16T18:42:46.250;144;1,7
2024-09-16T18:42:47.259;144;1,6
2024-09-16T18:42:48.271;144;1,5
2024-09-16T18:42:49.271;144;1,6
2024-09-16T18:42:50.289;144;1,5
2024-09-16T18:42:51.243;144;1,5
2024-09-16T18:42:52.281;145;1,6
2024-09-16T18:42:53.267;145;1,6
2024-09-16T18:42:54.273;145;1,5
2024-09-16T18:42:55.246;144;1,5
2024-09-16T18:42:56.241;144;1,4
2024-09-16T18:42:57.285;144;1,2
2024-09-16T18:42:58.261;144;1,2
2024-09-16T18:42:59.256;144;1,2
2024-09-16T18:43:00.242;144;1,2
2024-09-16T18:43:01.316;144;1,3
2024-09-16T18:43:02.271;146;1,5
2024-09-16T18:43:03.259;146;1,5
2024-09-16T18:43:04.277;147;1,4
2024-09-16T18:43:05.237;147;1,4
2024-09-16T18:43:06.292;148;1,1
2024-09-16T18:43:07.262;148;1,1
2024-09-16T18:43:08.252;148;1,1
2024-09-16T18:43:09.246;149;1,1
2024-09-16T18:43:10.280;150;1,2
2024-09-16T18:43:11.339;150;1,2
2024-09-16T18:43:12.302;150;1,1
2024-09-16T18:43:13.351;150;1,0
2024-09-16T18:43:14.237;149;0,8
2024-09-16T18:43:15.270;149;0,8
2024-09-16T18:43:16.280;149;0,9
2024-09-16T18:43:17.251;149;0,9
2024-09-16T18:43:18.260;148;0,9
2024-09-16T18:43:19.276;148;0,9
2024-09-16T18:43:20.269;149;0,9
2024-09-16T18:43:21.257;149;1,0
2024-09-16T18:43:22.247;150;1,1
2024-09-16T18:43:23.237;150;1,2
2024-09-16T18:43:24.273;150;1,2
2024-09-16T18:43:25.272;149;1,2
2024-09-16T18:43:26.254;150;1,2
2024-09-16T18:43:27.288;149;1,2
2024-09-16T18:43:28.283;150;1,2
2024-09-16T18:43:29.269;150;1,2
2024-09-16T18:43:30.257;150;1,4
2024-09-16T18:43:31.247;150;1,4
2024-09-16T18:43:32.274;151;1,4
2024-09-16T18:43:33.273;152;1,2
2024-09-16T18:43:34.262;151;1,2
2024-09-16T18:43:35.256;150;1,1
2024-09-16T18:43:36.242;150;1,1
2024-09-16T18:43:37.278;150;1,2
2024-09-16T18:43:38.268;150;1,2
2024-09-16T18:43:39.290;151;1,2
2024-09-16T18:43:40.248;152;1,2
2024-09-16T18:43:41.252;152;1,2
2024-09-16T18:43:42.341;152;1,1
2024-09-16T18:43:43.264;152;1,2
2024-09-16T18:43:44.270;153;1,3
2024-09-16T18:43:45.244;153;1,3
2024-09-16T18:43:46.303;153;1,3
2024-09-16T18:43:47.269;154;1,3
2024-09-16T18:43:48.295;155;1,2
2024-09-16T18:43:49.249;155;1,2
2024-09-16T18:43:50.247;156;1,1
2024-09-16T18:43:51.272;156;1,1
2024-09-16T18:43:52.263;156;1,3
2024-09-16T18:43:53.259;156;1,4
2024-09-16T18:43:54.246;156;1,3
2024-09-16T18:43:55.276;155;1,3
2024-09-16T18:43:56.381;155;1,3
2024-09-16T18:43:57.259;155;1,2
2024-09-16T18:43:58.280;155;1,3
2024-09-16T18:43:59.242;155;1,3
2024-09-16T18:44:00.272;156;1,3
2024-09-16T18:44:01.306;156;1,3
2024-09-16T18:44:02.267;156;1,2
2024-09-16T18:44:03.309;156;1,2
2024-09-16T18:44:04.280;154;1,6
2024-09-16T18:44:05.270;153;1,6
2024-09-16T18:44:06.261;152;1,4
2024-09-16T18:44:07.267;151;1,4
2024-09-16T18:44:08.242;151;1,5
2024-09-16T18:44:09.270;152;1,4
2024-09-16T18:44:10.275;152;1,5
2024-09-16T18:44:11.254;152;1,5
2024-09-16T18:44:12.288;152;1,5
2024-09-16T18:44:13.288;152;1,5
2024-09-16T18:44:14.275;152;1,5
2024-09-16T18:44:15.260;152;0,9
2024-09-16T18:44:16.246;153;0,9
2024-09-16T18:44:17.250;153;0,9
2024-09-16T18:44:18.296;153;0,9
2024-09-16T18:44:19.288;154;0,9
2024-09-16T18:44:20.251;154;0,9
2024-09-16T18:44:21.243;155;1,0
2024-09-16T18:44:22.281;155;0,7
2024-09-16T18:44:23.268;155;0,7
2024-09-16T18:44:24.321;154;0,8
2024-09-16T18:44:25.246;154;0,8
2024-09-16T18:44:26.238;154;0,9
2024-09-16T18:44:27.272;153;0,9
2024-09-16T18:44:28.264;153;0,9
2024-09-16T18:44:29.251;152;0,9
2024-09-16T18:44:30.242;152;0,9
2024-09-16T18:44:31.279;152;0,9
2024-09-16T18:44:32.267;152;0,8
2024-09-16T18:44:33.255;151;0,9
2024-09-16T18:44:34.252;151;0,9
2024-09-16T18:44:35.241;151;0,9
2024-09-16T18:44:36.334;151;0,9
2024-09-16T18:44:37.265;152;0,9
2024-09-16T18:44:38.291;152;0,8
2024-09-16T18:44:39.245;153;0,9
2024-09-16T18:44:40.276;153;0,8
2024-09-16T18:44:41.275;152;1,0
2024-09-16T18:44:42.259;151;1,0
2024-09-16T18:44:43.261;151;1,0
2024-09-16T18:44:44.238;151;1,0
2024-09-16T18:44:45.273;152;1,0
2024-09-16T18:44:46.276;152;1,1
2024-09-16T18:44:47.255;153;1,1
2024-09-16T18:44:48.246;154;1,1
2024-09-16T18:44:49.232;154;1,1
2024-09-16T18:44:50.271;154;1,1
2024-09-16T18:44:51.303;154;1,3
2024-09-16T18:44:52.295;153;1,2
2024-09-16T18:44:53.237;153;1,2
2024-09-16T18:44:54.276;154;1,2
2024-09-16T18:44:55.263;155;1,3
2024-09-16T18:44:56.252;155;1,3
2024-09-16T18:44:57.259;155;1,2
2024-09-16T18:44:58.236;155;1,2
2024-09-16T18:44:59.268;155;1,2
2024-09-16T18:45:00.260;155;1,2
2024-09-16T18:45:01.266;155;1,3
2024-09-16T18:45:02.254;154;1,3
2024-09-16T18:45:03.272;155;1,3
2024-09-16T18:45:04.354;156;1,3
2024-09-16T18:45:05.258;157;1,4
2024-09-16T18:45:06.242;157;1,3
2024-09-16T18:45:07.236;157;1,4
2024-09-16T18:45:08.267;157;1,4
2024-09-16T18:45:09.272;158;1,4
2024-09-16T18:45:10.246;158
2024-09-16T18:45:11.255;158;1,5
2024-09-16T18:45:12.270;158;1,5
2024-09-16T18:45:13.274;158;37,8
2024-09-16T18:45:14.266;159;42,3
2024-09-16T18:45:15.245;159;49,7
2024-09-16T18:45:16.254;160;49,7
2024-09-16T18:45:17.271;160;49,7
2024-09-16T18:45:18.259;161;49,7
2024-09-16T18:45:19.248;161;49,7
2024-09-16T18:45:20.241;160;49,7
2024-09-16T18:45:21.282;160;49,7
2024-09-16T18:45:22.263;160;49,7
2024-09-16T18:45:23.302;159;49,7
2024-09-16T18:45:24.244;159;32,3
2024-09-16T18:45:25.235;159;1,0
2024-09-16T18:45:26.272;159;0,9
2024-09-16T18:45:27.259;159;0,9
2024-09-16T18:45:28.339;159;0,9
2024-09-16T18:45:29.237;159;0,9
2024-09-16T18:45:30.274;159;0,8
2024-09-16T18:45:31.276;159;0,7
2024-09-16T18:45:32.249;159;0,7
2024-09-16T18:45:33.244;160;0,6
2024-09-16T18:45:34.236;160;0,6
2024-09-16T18:45:35.402;160;1,1
2024-09-16T18:45:36.268;159;1,2
2024-09-16T18:45:37.248;158;1,2
2024-09-16T18:45:38.241;157;1,3
2024-09-16T18:45:39.273;157;1,3
2024-09-16T18:45:40.273;157;1,3
2024-09-16T18:45:41.302;157;1,4
2024-09-16T18:45:42.344;157;1,4
2024-09-16T18:45:43.233;158;1,4
2024-09-16T18:45:44.270;158;1,4
2024-09-16T18:45:45.258;158;1,4
2024-09-16T18:45:46.248;158;0,9
2024-09-16T18:45:47.357;158;0,7
2024-09-16T18:45:48.277;158;0,8
2024-09-16T18:45:49.265;158;0,8
2024-09-16T18:45:50.262;157;0,9
2024-09-16T18:45:51.243;156;1,0
2024-09-16T18:45:52.235;155;0,9
2024-09-16T18:45:53.271;155;1,1
2024-09-16T18:45:54.275;155;1,1
2024-09-16T18:45:55.251;156;1,1
2024-09-16T18:45:56.264;157;1,2
2024-09-16T18:45:57.273;157;1,1
2024-09-16T18:45:58.264;157;1,1
2024-09-16T18:45:59.256;157;1,1
2024-09-16T18:46:00.243;157;1,1
2024-09-16T18:46:01.259;157;1,0
2024-09-16T18:46:02.308;157;0,9
2024-09-16T18:46:03.261;158;0,9
2024-09-16T18:46:04.249;158;0,6
2024-09-16T18:46:05.238;158;0,7
2024-09-16T18:46:06.273;158;0,7
2024-09-16T18:46:07.263;158;0,6
2024-09-16T18:46:08.279;158;0,6
2024-09-16T18:46:09.302;159;0,6
2024-09-16T18:46:10.233;159;0,6
2024-09-16T18:46:11.277;160;0,7
2024-09-16T18:46:12.301;161;0,7
2024-09-16T18:46:13.263;161;0,8
2024-09-16T18:46:14.239;161;0,8
2024-09-16T18:46:15.275;162;0,7
2024-09-16T18:46:16.265;162;0,8
2024-09-16T18:46:17.286;162;0,7
2024-09-16T18:46:18.247;162;0,9
2024-09-16T18:46:19.234;162;0,9
2024-09-16T18:46:20.267;161;0,9
2024-09-16T18:46:21.262;161;0,9
2024-09-16T18:46:22.246;161;0,9
2024-09-16T18:46:23.251;161;0,9
2024-09-16T18:46:24.274;161;0,9
2024-09-16T18:46:25.266;161;0,9
2024-09-16T18:46:26.253;161;0,9
2024-09-16T18:46:27.258;161;0,9
2024-09-16T18:46:28.252;162;1,0
2024-09-16T18:46:29.266;163;0,8
2024-09-16T18:46:30.317;164;0,9
2024-09-16T18:46:31.306;164;0,8
2024-09-16T18:46:32.298;165;0,9
2024-09-16T18:46:33.288;165;0,8
2024-09-16T18:46:34.267;165;0,8
2024-09-16T18:46:35.253;165;0,9
2024-09-16T18:46:36.253;164;0,9
2024-09-16T18:46:37.234;164;0,9
2024-09-16T18:46:38.281;164;0,8
2024-09-16T18:46:39.297;164;0,7
2024-09-16T18:46:40.264;165;0,8
2024-09-16T18:46:41.278;165;0,8
2024-09-16T18:46:42.275;165;0,9
2024-09-16T18:46:43.279;165;0,8
2024-09-16T18:46:44.275;165;0,8
2024-09-16T18:46:45.260;164;0,8
2024-09-16T18:46:46.276;164;0,8
2024-09-16T18:46:47.283;163;0,9
2024-09-16T18:46:48.265;162;0,9
2024-09-16T18:46:49.263;161;1,0
2024-09-16T18:46:50.257;160;1,0
2024-09-16T18:46:51.285;160;0,9
2024-09-16T18:46:52.307;160;1,0
2024-09-16T18:46:53.294;161;1,0
2024-09-16T18:46:54.259;161;1,2
2024-09-16T18:46:55.250;161;1,3
2024-09-16T18:46:56.318;161;1,4
2024-09-16T18:46:57.268;161;1,5
2024-09-16T18:46:58.266;161;1,5
2024-09-16T18:46:59.253;161;1,5
2024-09-16T18:47:00.271;161;1,5
2024-09-16T18:47:01.275;161;1,6
2024-09-16T18:47:02.262;161;1,5
2024-09-16T18:47:03.255;160;1,5
2024-09-16T18:47:04.240;161;1,5
2024-09-16T18:47:05.284;161;1,4
2024-09-16T18:47:06.277;162;1,2
2024-09-16T18:47:07.304;162;1,2
2024-09-16T18:47:08.249;163;1,1
2024-09-16T18:47:09.286;163;0,9
2024-09-16T18:47:10.314;163;0,9
2024-09-16T18:47:11.315;163;0,9
2024-09-16T18:47:12.280;164;0,7
2024-09-16T18:47:13.247;164;0,7
2024-09-16T18:47:14.269;163;0,7
2024-09-16T18:47:15.270;163;0,6
2024-09-16T18:47:16.252;163;0,6
2024-09-16T18:47:17.246;163;0,6
2024-09-16T18:47:18.284;163;0,6
2024-09-16T18:47:19.279;163;0,5
2024-09-16T18:47:20.310;162;0,7
2024-09-16T18:47:21.296;163;0,9
2024-09-16T18:47:22.293;163;0,9
2024-09-16T18:47:23.276;163;0,9
2024-09-16T18:47:24.360;164;0,9
2024-09-16T18:47:25.255;165;1,0
2024-09-16T18:47:26.360;165;0,9
2024-09-16T18:47:27.284;165;0,9
2024-09-16T18:47:28.273;164;0,9
2024-09-16T18:47:29.262;165;0,9
2024-09-16T18:47:30.247;166;1,0
2024-09-16T18:47:31.252;167;1,1
2024-09-16T18:47:32.288;167;0,9
2024-09-16T18:47:33.343;167;0,9
2024-09-16T18:47:34.257;166;1,0
2024-09-16T18:47:35.252;166;1,0
2024-09-16T18:47:36.289;165;0,9
2024-09-16T18:47:37.273;165;0,9
2024-09-16T18:47:38.289;165;1,0
2024-09-16T18:47:39.251;166;1,0
2024-09-16T18:47:40.276;166;0,9
2024-09-16T18:47:41.279;166;0,9
2024-09-16T18:47:42.271;166;0,9
2024-09-16T18:47:43.303;166;0,9
2024-09-16T18:47:44.263;165;0,8
2024-09-16T18:47:45.280;165;0,7
2024-09-16T18:47:46.317;165;0,7
2024-09-16T18:47:47.316;165;0,8
2024-09-16T18:47:48.244;165;0,7
2024-09-16T18:47:49.237;165;0,7
2024-09-16T18:47:50.278;165;0,7
2024-09-16T18:47:51.264;165;0,6
2024-09-16T18:47:52.287;165;0,6
2024-09-16T18:47:53.246;165;0,6
2024-09-16T18:47:54.272;166;0,6
2024-09-16T18:47:55.342;167;0,6
2024-09-16T18:47:56.287;168;37,2
2024-09-16T18:47:57.245;168;37,2
2024-09-16T18:47:58.244;168;37,2
2024-09-16T18:47:59.270;168;37,2
2024-09-16T18:48:00.348;167;37,2
2024-09-16T18:48:01.296;166;37,2
2024-09-16T18:48:02.246;166;37,2
2024-09-16T18:48:03.284;166;37,8
2024-09-16T18:48:04.302;166;44,3
2024-09-16T18:48:05.262;165;44,3
2024-09-16T18:48:06.276;165;44,3
2024-09-16T18:48:07.247;164;44,3
2024-09-16T18:48:08.287;164;44,3
2024-09-16T18:48:09.272;164;24,2
2024-09-16T18:48:10.338;164;24,2
2024-09-16T18:48:11.341;164;24,1
2024-09-16T18:48:12.285;164;24,1
2024-09-16T18:48:13.321;165;24,1
2024-09-16T18:48:14.259;165;23,7
2024-09-16T18:48:15.303;165;1,2
2024-09-16T18:48:16.248;165;1,1
2024-09-16T18:48:17.279;165;1,1
2024-09-16T18:48:18.368;165;0,9
2024-09-16T18:48:19.250;164;1,0
2024-09-16T18:48:20.261;164;0,7
2024-09-16T18:48:21.290;163;0,7
2024-09-16T18:48:22.271;163;0,7
2024-09-16T18:48:23.267;163;0,7
2024-09-16T18:48:24.292;162;0,8
2024-09-16T18:48:25.272;162;0,9
2024-09-16T18:48:26.282;162;1,5
2024-09-16T18:48:27.317;162;1,5
2024-09-16T18:48:28.258;162;1,5
2024-09-16T18:48:29.248;162;1,5
2024-09-16T18:48:30.287;161;1,5
2024-09-16T18:48:31.272;161;1,5
2024-09-16T18:48:32.296;161;1,6
2024-09-16T18:48:33.290;162;1,5
2024-09-16T18:48:34.259;162;1,5
2024-09-16T18:48:35.278;163;1,5
2024-09-16T18:48:36.269;163;1,5
2024-09-16T18:48:37.258;163;1,0
2024-09-16T18:48:38.289;164;1,0
2024-09-16T18:48:39.279;164;1,0
2024-09-16T18:48:40.272;164;1,0
2024-09-16T18:48:41.260;165;1,0
2024-09-16T18:48:42.254;165;1,0
2024-09-16T18:48:43.275;165;1,0
2024-09-16T18:48:44.270;165;1,0
2024-09-16T18:48:45.268;165;0,9
2024-09-16T18:48:46.285;166;0,8
2024-09-16T18:48:47.285;166;0,7
2024-09-16T18:48:48.283;166;0,8
2024-09-16T18:48:49.274;166;1,1
2024-09-16T18:48:50.266;167;1,2
2024-09-16T18:48:51.278;167;1,2
2024-09-16T18:48:52.253;168;1,3
2024-09-16T18:48:53.269;168;1,2
2024-09-16T18:48:54.270;169;1,2
2024-09-16T18:48:55.251;169;1,2
2024-09-16T18:48:56.242;169;1,2
2024-09-16T18:48:57.280;170;1,2
2024-09-16T18:48:58.307;170;1,2
2024-09-16T18:48:59.265;170;1,0
2024-09-16T18:49:00.298;170;0,7
2024-09-16T18:49:01.298;169;0,7
2024-09-16T18:49:02.280;169;0,5
2024-09-16T18:49:03.268;169;0,6
2024-09-16T18:49:04.258;169;0,7
2024-09-16T18:49:05.276;169;0,7
2024-09-16T18:49:06.287;169;0,7
2024-09-16T18:49:07.265;168;0,7
2024-09-16T18:49:08.348;168;0,7
2024-09-16T18:49:09.247;168;0,7
2024-09-16T18:49:10.234;169;0,7
2024-09-16T18:49:11.280;169;0,7
2024-09-16T18:49:12.272;170;0,8
2024-09-16T18:49:13.258;170;0,6
2024-09-16T18:49:14.241;170;0,6
2024-09-16T18:49:15.340;169;0,6
2024-09-16T18:49:16.271;169;0,6
2024-09-16T18:49:17.265;169;0,6
2024-09-16T18:49:18.256;169;0,6
2024-09-16T18:49:19.266;169;0,6
2024-09-16T18:49:20.278;170;0,6
2024-09-16T18:49:21.267;169;0,5
2024-09-16T18:49:22.259;170;0,4
2024-09-16T18:49:23.241;170;0,3
2024-09-16T18:49:24.327;170;0,3
2024-09-16T18:49:25.272;170;0,4
2024-09-16T18:49:26.258;170;0,3
2024-09-16T18:49:27.257;170;0,3
2024-09-16T18:49:28.242;170;0,3
2024-09-16T18:49:29.269;170;0,4
2024-09-16T18:49:30.272;170;0,5
2024-09-16T18:49:31.282;170;0,5
2024-09-16T18:49:32.250;170;0,6
2024-09-16T18:49:33.280;170;0,7
2024-09-16T18:49:34.277;170;0,8
2024-09-16T18:49:35.258;171;0,7
2024-09-16T18:49:36.258;171;0,8
2024-09-16T18:49:37.274;171;0,8
2024-09-16T18:49:38.365;171;0,8
2024-09-16T18:49:39.271;171;0,9
2024-09-16T18:49:40.251;171;0,9
2024-09-16T18:49:41.251;171;1,0
2024-09-16T18:49:42.286;171;1,0
2024-09-16T18:49:43.280;170;0,9
2024-09-16T18:49:44.261;170;0,9
2024-09-16T18:49:45.285;170;0,9
2024-09-16T18:49:46.242;170;0,9
2024-09-16T18:49:47.277;171;0,9
2024-09-16T18:49:48.261;170;0,9
2024-09-16T18:49:49.303;171;1,0
2024-09-16T18:49:50.290;171;1,0
2024-09-16T18:49:51.283;171;0,8
2024-09-16T18:49:52.282;171;0,8
2024-09-16T18:49:53.264;171;0,8
2024-09-16T18:49:54.253;171;0,7
2024-09-16T18:49:55.246;171;0,6
2024-09-16T18:49:56.281;171;0,6
2024-09-16T18:49:57.270;171;0,6
2024-09-16T18:49:58.260;171;0,6
2024-09-16T18:49:59.255;171;0,5
2024-09-16T18:50:00.271;171;0,3
2024-09-16T18:50:01.294;171;0,4
2024-09-16T18:50:02.250;170;0,3
2024-09-16T18:50:03.245;170;0,3
2024-09-16T18:50:04.238;171;0,4
2024-09-16T18:50:05.271;171;0,5
2024-09-16T18:50:06.317;172;0,6
2024-09-16T18:50:07.246;172;0,6
2024-09-16T18:50:08.251;172;0,6
2024-09-16T18:50:09.457;173;0,7
2024-09-16T18:50:10.264;173;0,7
2024-09-16T18:50:11.249;174;0,7
2024-09-16T18:50:12.287;174;0,7
2024-09-16T18:50:13.249;174;0,7
2024-09-16T18:50:14.267;173;0,7
2024-09-16T18:50:15.270;173;0,6
2024-09-16T18:50:16.274;173;0,6
2024-09-16T18:50:17.236;173;0,6
2024-09-16T18:50:18.296;173;0,6
2024-09-16T18:50:19.261;174;0,6
2024-09-16T18:50:20.296;174;0,6
2024-09-16T18:50:21.241;174;0,6
2024-09-16T18:50:22.236;173;0,6
2024-09-16T18:50:23.278;173;0,7
2024-09-16T18:50:24.310;172;0,7
2024-09-16T18:50:25.262;173;0,7
2024-09-16T18:50:26.239;173;0,6
2024-09-16T18:50:27.277;173;0,6
2024-09-16T18:50:28.266;173;0,6
2024-09-16T18:50:29.256;173;0,6
2024-09-16T18:50:30.247;173;0,6
2024-09-16T18:50:31.232;173;0,4
2024-09-16T18:50:32.270;173;0,5
2024-09-16T18:50:33.261;174;0,5
2024-09-16T18:50:34.276;174;0,5
2024-09-16T18:50:35.250;174;0,5
2024-09-16T18:50:36.272;174;0,5
2024-09-16T18:50:37.263;174;0,5
2024-09-16T18:50:38.252;174;0,5
2024-09-16T18:50:39.397;173;0,5
2024-09-16T18:50:40.276;173;0,6
2024-09-16T18:50:41.302;173;0,6
2024-09-16T18:50:42.311;173;0,5
2024-09-16T18:50:43.257;173;0,5
2024-09-16T18:50:44.238;174;0,6
2024-09-16T18:50:45.275;174;0,6
2024-09-16T18:50:46.263;174;0,6
2024-09-16T18:50:47.249;174;0,6
2024-09-16T18:50:48.253;174;0,7
2024-09-16T18:50:49.231;173;0,7
2024-09-16T18:50:50.277;173;0,7
2024-09-16T18:50:51.257;172;0,7
2024-09-16T18:50:52.244;172;0,7
2024-09-16T18:50:53.351;172;0,8
2024-09-16T18:50:54.331;172;0,7
2024-09-16T18:50:55.265;172;0,7
2024-09-16T18:50:56.265;172;0,7
2024-09-16T18:50:57.248;172;0,7
2024-09-16T18:50:58.245;173;0,6
2024-09-16T18:50:59.279;173;0,7
2024-09-16T18:51:00.253;173;0,7
2024-09-16T18:51:01.250;174;0,8
2024-09-16T18:51:02.275;175;0,8
2024-09-16T18:51:03.272;175;0,8
2024-09-16T18:51:04.264;175;0,8
2024-09-16T18:51:05.254;175;0,8
2024-09-16T18:51:06.246;175;0,8
2024-09-16T18:51:07.245;175;0,8
2024-09-16T18:51:08.276;175;0,8
2024-09-16T18:51:09.270;175;0,8
2024-09-16T18:51:10.248;175;0,7
2024-09-16T18:51:11.238;175;0,6
2024-09-16T18:51:12.273;175;0,6
2024-09-16T18:51:13.266;175;0,6
2024-09-16T18:51:14.266;175;0,5
2024-09-16T18:51:15.290;175;0,8
2024-09-16T18:51:16.263;175;1,0
2024-09-16T18:51:17.276;174;0,9
2024-09-16T18:51:18.311;174;0,9
2024-09-16T18:51:19.246;174;0,9
2024-09-16T18:51:20.249;174;1,0
2024-09-16T18:51:21.278;174;1,0
2024-09-16T18:51:22.276;174;1,0
2024-09-16T18:51:23.259;174;0,9
2024-09-16T18:51:24.243;174;1,0
2024-09-16T18:51:25.232;174;0,8
2024-09-16T18:51:26.270;175;0,6
2024-09-16T18:51:27.267;175;0,8
2024-09-16T18:51:28.283;175;0,9
2024-09-16T18:51:29.282;176;0,9
2024-09-16T18:51:30.337;176;0,8
2024-09-16T18:51:31.273;176;0,8
2024-09-16T18:51:32.253;176;0,8
2024-09-16T18:51:33.244;176;0,8
2024-09-16T18:51:34.237;177;0,8
2024-09-16T18:51:35.302;177;0,8
2024-09-16T18:51:36.273;177;0,7
2024-09-16T18:51:37.268;177;0,6
2024-09-16T18:51:38.233;177;0,6
2024-09-16T18:51:39.285;177;0,5
2024-09-16T18:51:40.263;177;0,6
2024-09-16T18:51:41.263;177;0,7
2024-09-16T18:51:42.261;177;0,7
2024-09-16T18:51:43.234;176;0,7
2024-09-16T18:51:44.327;176;0,8
2024-09-16T18:51:45.261;176;0,8
2024-09-16T18:51:46.245;177;0,8
2024-09-16T18:51:47.242;177;0,8
2024-09-16T18:51:48.271;177;0,7
2024-09-16T18:51:49.309;177;0,9
2024-09-16T18:51:50.252;177;0,8
2024-09-16T18:51:51.245;176;0,8
2024-09-16T18:51:52.242;176;0,8
2024-09-16T18:51:53.268;176;0,7
2024-09-16T18:51:54.260;176;0,7
2024-09-16T18:51:55.260;176;0,7
2024-09-16T18:51:56.296;176;0,8
2024-09-16T18:51:57.273;177;0,8
2024-09-16T18:51:58.274;176;0,7
2024-09-16T18:51:59.263;176;0,7
2024-09-16T18:52:00.260;176;0,7
2024-09-16T18:52:01.236;176;0,7
2024-09-16T18:52:02.381;176;0,7
2024-09-16T18:52:03.265;176;0,7
2024-09-16T18:52:04.261;176;0,6
2024-09-16T18:52:05.279;176;0,6
2024-09-16T18:52:06.275;176;0,6
2024-09-16T18:52:07.262;176;0,6
2024-09-16T18:52:08.297;176;0,6
2024-09-16T18:52:09.261;176;0,4
2024-09-16T18:52:10.273;176;0,4
2024-09-16T18:52:11.384;176;0,5
2024-09-16T18:52:12.267;177;0,5
2024-09-16T18:52:13.259;177;0,5
2024-09-16T18:52:14.343;177;0,5
2024-09-16T18:52:15.271;177;0,6
2024-09-16T18:52:16.272;177;0,6
2024-09-16T18:52:17.255;177;0,7
2024-09-16T18:52:18.245;178;0,7
2024-09-16T18:52:19.282;178;0,7
2024-09-16T18:52:20.274;178;0,7
2024-09-16T18:52:21.270;178;0,7
2024-09-16T18:52:22.274;178;0,8
2024-09-16T18:52:23.250;177;0,8
2024-09-16T18:52:24.287;177;0,8
2024-09-16T18:52:25.275;177;0,7
2024-09-16T18:52:26.261;176;0,7
2024-09-16T18:52:27.260;176;0,7
2024-09-16T18:52:28.239;176;0,7
2024-09-16T18:52:29.269;176;0,7
2024-09-16T18:52:30.270;176;0,7
2024-09-16T18:52:31.250;177;0,7
2024-09-16T18:52:32.248;177;0,7
2024-09-16T18:52:33.336;177;0,8
2024-09-16T18:52:36.259;177;0,8
2024-09-16T18:52:36.261;178;0,7
2024-09-16T18:52:36.263;178;0,7
2024-09-16T18:52:37.236;178;0,7
2024-09-16T18:52:38.283;178;0,7
2024-09-16T18:52:39.276;178;0,7
2024-09-16T18:52:40.252;178;0,6
2024-09-16T18:52:41.251;178;0,6
2024-09-16T18:52:42.283;178;0,6
2024-09-16T18:52:43.277;178;0,6
2024-09-16T18:52:44.264;178;0,6
2024-09-16T18:52:45.242;178;0,6
2024-09-16T18:52:46.234;179;0,9
2024-09-16T18:52:47.270;179;1,0
2024-09-16T18:52:48.311;179;0,9
2024-09-16T18:52:49.259;178;0,9
2024-09-16T18:52:50.280;178;0,9
2024-09-16T18:52:51.281;178;0,9
2024-09-16T18:52:52.266;178;0,9
2024-09-16T18:52:53.266;179;0,9
2024-09-16T18:52:54.253;178;0,9
2024-09-16T18:52:55.269;179;0,9
2024-09-16T18:52:56.279;179;0,6
2024-09-16T18:52:57.265;179;0,6
2024-09-16T18:52:58.260;179;0,7
2024-09-16T18:52:59.279;179;0,7
2024-09-16T18:53:00.288;179;0,7
2024-09-16T18:53:01.279;179;0,6
2024-09-16T18:53:02.289;179;0,6
2024-09-16T18:53:03.258;179;0,6
2024-09-16T18:53:04.274;179;0,7
2024-09-16T18:53:05.278;179;0,6
2024-09-16T18:53:06.310;179;0,6
2024-09-16T18:53:07.252;179;0,4
2024-09-16T18:53:08.283;178;0,5
2024-09-16T18:53:09.311;179;0,5
2024-09-16T18:53:10.267;178;0,6
2024-09-16T18:53:11.250;178;0,6
2024-09-16T18:53:12.247;179;0,6
2024-09-16T18:53:13.235;179;0,6
2024-09-16T18:53:14.270;179;0,7
2024-09-16T18:53:15.261;179;0,8
2024-09-16T18:53:16.290;179;0,8
2024-09-16T18:53:17.243;179;0,8
2024-09-16T18:53:18.281;179;0,8
2024-09-16T18:53:19.379;179;0,8
2024-09-16T18:53:20.262;179;0,8
2024-09-16T18:53:21.256;179;0,7
2024-09-16T18:53:22.242;179;0,7
2024-09-16T18:53:23.315;179;0,7
2024-09-16T18:53:24.313;179;0,5
2024-09-16T18:53:25.293;179;0,5
2024-09-16T18:53:26.247;179;0,5
2024-09-16T18:53:27.282;179;0,5
2024-09-16T18:53:28.269;179;0,6
2024-09-16T18:53:29.256;180;0,8
2024-09-16T18:53:30.279;179;0,8
2024-09-16T18:53:31.240;179;0,8
2024-09-16T18:53:32.266;178;0,8
2024-09-16T18:53:33.262;178;0,8
2024-09-16T18:53:34.248;177;0,8
2024-09-16T18:53:35.264;177;0,8
2024-09-16T18:53:36.283;177;0,8
2024-09-16T18:53:37.265;177;0,8
2024-09-16T18:53:38.302;177;0,9
2024-09-16T18:53:39.290;177;0,7
2024-09-16T18:53:40.244;177;0,8
2024-09-16T18:53:41.273;177;0,9
2024-09-16T18:53:42.310;177;1,0
2024-09-16T18:53:43.261;178;1,0
2024-09-16T18:53:44.367;178;1,0
2024-09-16T18:53:45.285;178;1,0
2024-09-16T18:53:46.278;179;1,0
2024-09-16T18:53:47.263;179;0,9
2024-09-16T18:53:48.245;179;1,0
2024-09-16T18:53:49.263;180;1,0
2024-09-16T18:53:50.276;180;0,9
2024-09-16T18:53:51.260;180;0,9
2024-09-16T18:53:52.266;180;0,8
2024-09-16T18:53:53.286;180;0,8
2024-09-16T18:53:54.286;180;0,8
2024-09-16T18:53:55.274;180;0,8
2024-09-16T18:53:56.294;179;0,7
2024-09-16T18:53:57.254;179;0,8
2024-09-16T18:53:58.295;179;0,9
2024-09-16T18:53:59.278;179;0,9
2024-09-16T18:54:00.259;180;0,8
2024-09-16T18:54:01.259;180;0,9
2024-09-16T18:54:02.285;180;0,8
2024-09-16T18:54:03.275;180;0,8
2024-09-16T18:54:04.267;180;0,8
2024-09-16T18:54:05.256;180;1,0
2024-09-16T18:54:06.247;181;1,0
2024-09-16T18:54:07.239;181;0,9
2024-09-16T18:54:08.278;181;0,9
2024-09-16T18:54:09.268;181;0,8
2024-09-16T18:54:10.283;180;0,9
2024-09-16T18:54:11.249;180;0,9
2024-09-16T18:54:12.337;180;0,9
2024-09-16T18:54:13.331;180;0,9
2024-09-16T18:54:14.268;180;0,9
2024-09-16T18:54:15.280;180;0,8
2024-09-16T18:54:16.277;181;0,9
2024-09-16T18:54:17.269;181;0,8
2024-09-16T18:54:18.305;181;0,8
2024-09-16T18:54:19.249;182;1,0
2024-09-16T18:54:20.257;182;0,9
2024-09-16T18:54:21.286;182;0,9
2024-09-16T18:54:22.301;182;0,9
2024-09-16T18:54:23.265;183;1,0
2024-09-16T18:54:24.306;183;0,9
2024-09-16T18:54:25.231;183;0,9
2024-09-16T18:54:26.269;183;0,9
2024-09-16T18:54:27.263;183;0,9
2024-09-16T18:54:28.254;182;0,9
2024-09-16T18:54:29.278;182;0,8
2024-09-16T18:54:30.313;182;0,9
2024-09-16T18:54:31.268;182;0,9
2024-09-16T18:54:32.255;182;1,0
2024-09-16T18:54:33.256;182;1,0
2024-09-16T18:54:34.238;182;0,9
2024-09-16T18:54:35.268;182;0,9
2024-09-16T18:54:36.279;182;0,9
2024-09-16T18:54:37.261;183;0,9
2024-09-16T18:54:38.247;183;1,0
2024-09-16T18:54:39.274;183;0,9
2024-09-16T18:54:40.276;183;0,9
2024-09-16T18:54:41.268;183;0,8
2024-09-16T18:54:42.258;183;0,7
2024-09-16T18:54:43.271;183;0,7
2024-09-16T18:54:44.312;183;0,8
2024-09-16T18:54:45.269;183;0,8
2024-09-16T18:54:46.257;183;0,8
2024-09-16T18:54:47.249;184;0,7
2024-09-16T18:54:48.285;183;0,7
2024-09-16T18:54:49.264;184;0,7
2024-09-16T18:54:50.292;184;0,7
2024-09-16T18:54:51.247;184;0,8
2024-09-16T18:54:52.255;184;0,8
2024-09-16T18:54:53.269;183;0,8
2024-09-16T18:54:54.269;183;0,7
2024-09-16T18:54:55.252;183;0,6
2024-09-16T18:54:56.240;183;0,6
2024-09-16T18:54:57.272;183;0,6
2024-09-16T18:54:58.284;183;0,8
2024-09-16T18:54:59.257;183;0,8
2024-09-16T18:55:00.253;183;0,7
2024-09-16T18:55:01.242;183;0,6
2024-09-16T18:55:02.319;183;0,7
2024-09-16T18:55:03.309;184;0,8
2024-09-16T18:55:04.287;184;0,8
2024-09-16T18:55:05.248;184;0,9
2024-09-16T18:55:06.286;184;1,0
2024-09-16T18:55:07.267;184;0,9
2024-09-16T18:55:08.262;184;0,9
2024-09-16T18:55:09.261;184;0,9
2024-09-16T18:55:10.245;184;0,9
2024-09-16T18:55:11.289;184;0,9
2024-09-16T18:55:12.274;185;0,8
2024-09-16T18:55:13.258;185;0,8
2024-09-16T18:55:14.355;185;0,8
2024-09-16T18:55:15.274;185;0,6
2024-09-16T18:55:16.267;185;0,6
2024-09-16T18:55:17.252;185;0,6
2024-09-16T18:55:18.370;184;0,6
2024-09-16T18:55:19.240;185;0,5
2024-09-16T18:55:20.273;184;0,6
2024-09-16T18:55:21.371;184;0,7
2024-09-16T18:55:22.252;183;0,7
2024-09-16T18:55:23.263;183;0,7
2024-09-16T18:55:24.272;184;0,9
2024-09-16T18:55:25.261;184;1,0
2024-09-16T18:55:26.300;184;1,1
2024-09-16T18:55:27.245;184;1,1
2024-09-16T18:55:28.231;184;1,1
2024-09-16T18:55:29.268;183;1,1
2024-09-16T18:55:30.268;183;1,1
2024-09-16T18:55:31.294;183;1,0
2024-09-16T18:55:32.250;182;1,0
2024-09-16T18:55:33.271;182;0,9
2024-09-16T18:55:34.262;182;0,8
2024-09-16T18:55:35.283;182;0,6
2024-09-16T18:55:36.241;182;0,6
2024-09-16T18:55:37.254;182;0,7
2024-09-16T18:55:38.271;182;0,6
2024-09-16T18:55:39.273;181;0,6
2024-09-16T18:55:40.248;181;0,6
2024-09-16T18:55:41.238;181;0,6
2024-09-16T18:55:42.274;182;0,5
2024-09-16T18:55:43.261;182;0,6
2024-09-16T18:55:44.300;182;0,6
2024-09-16T18:55:45.334;182;0,6
2024-09-16T18:55:46.247;182;0,6
2024-09-16T18:55:47.276;183;0,5
2024-09-16T18:55:48.254;183;0,5
2024-09-16T18:55:49.269;183;0,5
2024-09-16T18:55:50.241;183;0,6
2024-09-16T18:55:51.283;183;0,6
2024-09-16T18:55:52.311;184;0,6
2024-09-16T18:55:53.298;184;0,6
2024-09-16T18:55:54.248;184;0,6
2024-09-16T18:55:55.234;184;0,6
2024-09-16T18:55:56.349;185;0,7
2024-09-16T18:55:57.261;185;0,8
2024-09-16T18:55:58.277;185;0,8
2024-09-16T18:55:59.241;185;0,8
2024-09-16T18:56:00.273;184;0,8
2024-09-16T18:56:01.265;184;0,8
2024-09-16T18:56:02.256;183;0,8
2024-09-16T18:56:03.247;182;0,8
2024-09-16T18:56:04.235;182;0,8
2024-09-16T18:56:05.269;182;0,8
2024-09-16T18:56:06.258;182;0,9
2024-09-16T18:56:07.246;183;0,7
2024-09-16T18:56:08.239;183;0,7
2024-09-16T18:56:09.274;183;0,6
2024-09-16T18:56:10.262;183;0,7
2024-09-16T18:56:11.255;182;0,7
2024-09-16T18:56:12.288;182;0,7
2024-09-16T18:56:13.233;182;0,7
2024-09-16T18:56:14.268;183;0,7
2024-09-16T18:56:15.259;182;0,8
2024-09-16T18:56:16.256;182;0,8
2024-09-16T18:56:17.294;182;0,9
2024-09-16T18:56:18.227;183;0,9
2024-09-16T18:56:19.264;183;0,9
2024-09-16T18:56:20.255;183;0,9
2024-09-16T18:56:21.244;183;0,9
2024-09-16T18:56:22.240;182;0,9
2024-09-16T18:56:23.270;182;0,9
2024-09-16T18:56:24.270;181;0,7
2024-09-16T18:56:25.247;181;0,7
2024-09-16T18:56:26.279;181;0,7
2024-09-16T18:56:27.277;180;0,7
2024-09-16T18:56:28.263;179;0,8
2024-09-16T18:56:29.252;179;0,9
2024-09-16T18:56:30.241;179;0,9
2024-09-16T18:56:31.292;178;0,9
2024-09-16T18:56:32.269;177;0,9
2024-09-16T18:56:33.258;177;0,9
2024-09-16T18:56:34.246;177;0,9
2024-09-16T18:56:35.284;177;0,9
2024-09-16T18:56:36.230;177;0,9
2024-09-16T18:56:37.266;177;0,8
2024-09-16T18:56:38.269;176;0,7
2024-09-16T18:56:39.251;176;0,7
2024-09-16T18:56:40.342;175;0,7
2024-09-16T18:56:41.339;174;0,9
2024-09-16T18:56:42.303;174;0,9
2024-09-16T18:56:43.298;174;0,9
2024-09-16T18:56:44.241;173;0,9
2024-09-16T18:56:45.247;173;1,0
2024-09-16T18:56:46.264;172;1,0
2024-09-16T18:56:47.253;172;1,0
2024-09-16T18:56:48.241;171;0,9
2024-09-16T18:56:49.253;171;0,9
2024-09-16T18:56:50.354;171;0,9
2024-09-16T18:56:51.256;170;0,7
2024-09-16T18:56:52.247;169;0,7
2024-09-16T18:56:53.235;168;0,7
2024-09-16T18:56:54.227;168;0,7
2024-09-16T18:56:55.263;167;0,9
2024-09-16T18:56:56.254;166;0,9
2024-09-16T18:56:57.281;166;1,0
2024-09-16T18:56:58.233;166;1,0
2024-09-16T18:56:59.303;166;1,0
2024-09-16T18:57:00.266;166;1,0
2024-09-16T18:57:01.251;165;0,9
2024-09-16T18:57:02.241;165;1,0
2024-09-16T18:57:03.293;165;1,0
2024-09-16T18:57:04.272;164;1,0
2024-09-16T18:57:05.251;164;0,9
2024-09-16T18:57:06.254;164;0,9
2024-09-16T18:57:07.229;164;0,8
2024-09-16T18:57:08.267;163;0,7
2024-09-16T18:57:09.267;163;0,7
2024-09-16T18:57:10.250;163;0,7
2024-09-16T18:57:11.342;162;0,7
2024-09-16T18:57:12.256;161;0,7
2024-09-16T18:57:13.324;161;0,8
2024-09-16T18:57:14.253;160;0,8
2024-09-16T18:57:15.241;160;0,8
2024-09-16T18:57:16.246;160;0,8
2024-09-16T18:57:17.272;159;0,8
2024-09-16T18:57:18.311;159;0,8
2024-09-16T18:57:19.250;158;0,8
2024-09-16T18:57:20.292;158;0,8
2024-09-16T18:57:21.227;157;0,8
2024-09-16T18:57:22.261;157;0,9
2024-09-16T18:57:23.268;156;0,9
2024-09-16T18:57:24.242;156;0,8
2024-09-16T18:57:25.246;155;0,7
2024-09-16T18:57:26.266;155;0,7
2024-09-16T18:57:27.256;155;0,7
2024-09-16T18:57:28.249;155;0,7
2024-09-16T18:57:29.235;154;0,9
2024-09-16T18:57:30.289;154;0,9
2024-09-16T18:57:31.308;154;1,1
2024-09-16T18:57:32.297;154;1,1
2024-09-16T18:57:33.242;155;1,1
2024-09-16T18:57:34.235;156;1,1
2024-09-16T18:57:35.266;156;1,1
2024-09-16T18:57:36.258;156;1,1
2024-09-16T18:57:37.260;156;1,1
2024-09-16T18:57:38.237;156;1,1
2024-09-16T18:57:39.243;156;1,1
2024-09-16T18:57:40.260;156;1,0
2024-09-16T18:57:41.256;155;1,1
2024-09-16T18:57:42.239;155;1,1
2024-09-16T18:57:43.233;154;1,0
2024-09-16T18:57:44.358;154;1,1
2024-09-16T18:57:45.254;153;1,1
2024-09-16T18:57:46.263;152;1,1
2024-09-16T18:57:47.235;151;1,1
2024-09-16T18:57:48.226;151;1,1
2024-09-16T18:57:49.263;151;1,2
2024-09-16T18:57:50.278;153;1,6
2024-09-16T18:57:51.262;154;1,6
2024-09-16T18:57:52.238;154;1,6
2024-09-16T18:57:53.287;154;1,6
2024-09-16T18:57:54.335;154;1,6
2024-09-16T18:57:55.244;154;1,5
2024-09-16T18:57:56.246;153;1,4
2024-09-16T18:57:57.225;153;1,5
2024-09-16T18:57:58.262;153;1,4
2024-09-16T18:57:59.251;153;1,5
2024-09-16T18:58:00.244;152;1,4
2024-09-16T18:58:01.235;151;1,4
2024-09-16T18:58:02.268;151;0,8
2024-09-16T18:58:03.301;150;0,8
2024-09-16T18:58:04.245;150;0,7
2024-09-16T18:58:05.233;150;0,7
2024-09-16T18:58:06.225;150;0,7
2024-09-16T18:58:07.258;149;1,2
2024-09-16T18:58:08.249;149;1,2
2024-09-16T18:58:09.241;151;1,9
2024-09-16T18:58:10.237;152;2,0
2024-09-16T18:58:11.267;154;2,0
2024-09-16T18:58:12.259;154;2,0
2024-09-16T18:58:13.247;155;2,0
2024-09-16T18:58:14.233;155;2,0
2024-09-16T18:58:15.235;156;2,0
2024-09-16T18:58:16.266;155;2,1
2024-09-16T18:58:17.251;155;2,1
2024-09-16T18:58:18.294;154;1,9
2024-09-16T18:58:19.233;154;1,9
2024-09-16T18:58:20.275;154;1,3
2024-09-16T18:58:21.299;154;1,2
2024-09-16T18:58:22.320;154;1,0
2024-09-16T18:58:23.235;154;1,0
2024-09-16T18:58:24.244;154;1,0
2024-09-16T18:58:25.269;154;1,2
2024-09-16T18:58:26.251;154;1,2
2024-09-16T18:58:27.242;154;1,0
2024-09-16T18:58:28.231;154;1,0
2024-09-16T18:58:29.266;154;1,0
2024-09-16T18:58:30.256;154;1,1
2024-09-16T18:58:31.243;153;1,1
2024-09-16T18:58:32.235;153;1,1
2024-09-16T18:58:33.236;153;1,0
2024-09-16T18:58:34.306;152;1,3
2024-09-16T18:58:35.252;150;1,8
2024-09-16T18:58:36.285;149;1,8
2024-09-16T18:58:37.230;146;1,9
2024-09-16T18:58:38.264;145;2,0
2024-09-16T18:58:39.368;144;2,0
2024-09-16T18:58:40.289;143;2,0
2024-09-16T18:58:41.286;142;2,0
2024-09-16T18:58:42.225;141;2,0
2024-09-16T18:58:43.335;140;2,1
2024-09-16T18:58:44.268;139;2,1
2024-09-16T18:58:45.243;138;2,1
2024-09-16T18:58:46.276;137;2,2
2024-09-16T18:58:47.266;136;2,1
2024-09-16T18:58:48.251;135;1,6
2024-09-16T18:58:49.247;135;1,5
