566
568
573
575
574
576
573
567
567
563
557
551
545
535
533
526
523
524
523
530
538
546
547
557
560
566
579
597
599
613
630
633
642
659
674
664
669
679
670
661
666
663
655
669
673
662
671
666
651
653
634
623
628
623
617
621
619
623
621
624
623
627
622
627
629
620
625
617
608
615
607
598
599
599
592
590
593
593
588
593
594
595
594
598
601
603
606
609
605
611
613
611
607
611
610
605
603
607
601
597
597
593
593
588
591
592
589
592
599
598
604
608
608
607
611
611
611
613
618
617
612
614
608
609
608
612
612
606
606
603
599
591
592
592
591
581
583
584
583
579
584
582
576
579
577
578
579
581
586
590
600
610
611
614
609
616
618
615
612
601
595
596
589
590
596
606
612
615
619
620
615
609
597
590
589
586
588
585
585
590
600
610
608
619
629
640
650
656
662
664
665
659
650
649
644
631
629
625
625
624
628
624
615
623
618
616
613
608
605
597
593
593
598
601
593
590
604
612
618
618
620
623
623
625
621
625
623
622
623
621
624
625
626
632
632
633
636
634
639
637
641
641
640
632
620
625
625
622
619
607
600
607
607
606
597
605
608
610
613
615
617
614
611
604
608
605
602
599
595
595
589
589
600
606
620
625
630
631
630
625
609
608
606
600
608
616
624
623
632
635
634
640
636
632
620
635
629
625
619
623
619
614
607
603
602
599
600
602
600
600
609
615
617
620
624
629
630
629
630
629
633
632
634
635
634
629
632
631
631
631
632
629
629
627
627
624
625
627
629
629
632
632
625
625
622
616
614
617
615
615
614
616
618
617
619
617
619
624
625
627
626
629
630
635
632
631
634
636
639
640
639
634
633
623
617
615
607
602
600
598
600
604
610
618
621
631
633
638
641
640
642
641
635
634
626
622
621
617
615
614
611
611
609
611
613
614
615
617
616
618
620
619
616
617
617
614
614
616
614
612
616
615
611
616
612
608
611
607
601
603
603
599
604
601
601
604
605
602
603
605
604
605
608
607
611
612
611
611
616
616
617
623
623
621
625
624
622
621
616
615
618
621
623
626
631
635
636
636
636
632
632
632
628
629
625
622
623
624
619
623
621
617
612
615
611
610
610
608
607
607
607
607
608
609
612
612
610
608
611
611
605
608
607
605
605
601
603
607
604
603
605
605
609
610
612
611
612
610
611
609
606
604
605
606

