688
667
682
680
663
706
706
703
697
687
639
654
636
629
625
666
659
682
650
723
719
654
632
656
639
679
712
741
750
781
649
683
694
714
726
731
719
709
690
731
735
739
745
738
722
751
762
775
788
771
790
669
750
751
794
785
759
767
767
777
771
754
752
786
791
803
780
787
811
820
797
781
799
812
794
769
786
797
798
781
762
802
802
791
767
759
774
779
780
752
756
770
774
760
747
766
777
767
738
706
719
733
752
748
756
709
682
697
721
737
726
736
770
764
796
768
722
731
741
761
754
742
765
775
771
754
790
776
762
767
787
757
792
794
795
772
781
798
791
768
771
800
801
782
781
801
803
758
774
768
771
800
792
796
794
786
774
801
796
778
815
814
831
811
777
781
750
763
789
816
827
806
776
791
793
798
801
779
737
748
736
741
753
759
731
736
753
757
772
793
817
811
794
768
738
751
756
729
710
693
717
627
722
642
706
781
703
733
780
715
748
766
770
731
776
791
788
777
765
739
708
732
689
646
713
733
750
750
718
708
760
692
713
747
773
736
850
805
748
843
752
686
686
794
773
702
701
841
850
842
819
829
821
806
826
842
838
843
841
858
773
837
849
856
848
830
802
1403
864
867
886
864
868
848
788
811
829
846
863
875
882
876
874
868
859
836
827
818
809
800
791
782
773
763
754
745
736
727
738
863
860
837
831
860
870
872
871
877
873
859
855
825
816
839
859
876
875
850
863
877
876
871
838
858
859
867
857
832
865
878
879
872
855
865
882
893
902
875
845
847
849
863
860
844
855
861
867
848
821
816
831
838
846
831
814
843
849
841
822
821
830
836
828
808
799
807
820
827
809
801
804
812
822
804
796
818
840
872
874
845
822
827
825
819

