1023
1000
993
990
958
868
819
869
532
1173
1113
1068
1018
972
1003
962
1005
1000
995
1007
993
987
908
924
990
988
994
805
807
806
770
660
704
769
835
879
1027
1188
1033
1142
1075
1052
1065
1065
1064
1034
1048
1035
1017
1013
1008
971
945
881
881
1093
1049
931
892
886
866
839
894
873
868
861
882
863
858
893
883
912
963
944
913
921
929
499
1088
1101
993
938
923
884
919
688
1207
1193
1082
1071
1071
948
947
956
946
954
939
539
1248
1125
1138
1065
1022
1045
1019
1046
1102
1041
1015
998
954
992
961
953
970
988
562
1261
1189
1097
1087
1065
1033
1034
989
958
945
931
866
855
933
585
888
904
962
961
625
1140
1212
1162
1162
1574
1274
1131
827
1276
1375
1170
1170
1374
579
1071
1373
1497
1257
1278
1193
1118
1050
1051
1011
999
1041
972
949
994
1008
988
1028
998
1005
973
963
1007
955
1348
1147
1187
1213
1036
1004
976
958
886
899
986
765
779
819
828
838
564
817
996
863
862
940
975
965
954
939
924
914
904
500
753
788
819
937
1054
1229
863
1335
1406
701
1253
1372
549
1209
1126
1262
1173
1172
1499
1333
1274
1178
1175
1099
1134
1081
1047
984
1011
1007
1006
1000
997
1052
1017
1094
1040
1053
1026
1043
1036
993
987
905
912
913
888
885
950
949
1173
1055
993
1013
988
995
978
978
990
986
973
992
984
984
985
961
687
912
1240
1151
1099
1045
1032
969
935
961
982
962
983
626
1229
1073
1226
1079
1095
1050
1022
1001
979
974
1003
967
968
973
880
851
886
888
522
1073
1188
1000
1072
1422
1008
1247
516

