962
972
1000
993
963
998
997
965
988
1000
992
1023
1047
1042
833
152
165
537
2278
153
182
868
152
783
152
1845
972
838
183
348
158
233
167
1982
162
178
2915
163
700
690
923
985
1022
975
993
988
975
1000
987
992
1010
988
987
1022
985
1012
1013
980
985
1018
1012
975
1035
1052
1035
992
1032
1033
1010
1030
997
995
1043
1003
983
1030
1057
1017
1023
997
963
997
967
968
987
950
990
973
940
998
1012
967
993
1023
1017
1002
1022
982
977
990
988
955
978
948
945
965
937
978
975
947
990
1030
995
990
1015
1003
955
980
978
932
977
987
978
1037
977
958
1018
1017
972
982
1007
1017
1003
1035
1047
1010
1010
1017
1017
980
967
985
1002
972
952
983
947
920
945
965
925
960
960
932
975
1000
1007
1030
1032
1003
917
867
873
948
972
998
968
973
987
937
960
1013
992
975
958
895
917
943
950
910
862
855
850
887
922
930
915
943
962
940
938
973
985
965
952
987
997
978
967
1008
992
945
972
1008
973
975
997
967
932
973
968
937
980
1003
970
982
993
978
1003
982
972
1002
970
950
993
972
963
982
947
965
1007
997
980
1040
998
992
1008
985
1008
1017
973
975
1015
1027
1007
998
1032
1040
1000
1022
1043
1060
1013
1012
1035
1033
980
982
1012
978
943
990
1022
973
980
1012
980
1005
1022
987
1010
1022
990
1007
998
985
1013
1027
990
1020
1038
1010
1000
1000
958
987
965
922
990
985
965
1003
985
980
1012
962
1005
995
982
1023
962
992
1017
980
1005
972
1005
1007
973
995
1023
988
948
988
983
952
985
980
953
977
1015
1003
958
997
1008
967
977
1010
998
993
1023
985
1000
1002
968
975
1013
1005
968
1023
1040
997
1015
1025
1007
982
993
1013
982
938
975
998
960
973
995
948
978
980
948
982
977
973
997
972
972
982
973
973
1002
992
980
1030
1015
983
1032
992
975
990
1003
977
978
978
968
957
987
990
957
975
993
978
982
983
957
990
1020
985
1002
1008
972
1027
1017
972
1002
1018
990
963
952
897
935
905
963
1018
993
1005
1018
1015
968
982
917
893
933
907
948
980
1008
995
988
1025
1033
988
955
993
1038
1033
997
1020
1053
1060
1020
1045
1042
1008
983
1013
1047
992
973
1002
1028
1008
965
983
988
960
922
968
948
915
955
955
898
940
960
938
978
1012
1013
1028
1037
1002
978
1002
1025
1048
1022
1015
1042
1028
1025
990
1022
1035
1040
1005
973
1025
1015
980
995
1008
980
998
1005
1005
983
1023
1042
1022
990
998
1013
1037
1010
973
978
1002
1027
1005
977
990
1010
1037
995
992
1005
1012
955
920
872
862
930
1003
1030
983
955
1003
1048
1025
1025
1027
977
977
1027
1043
1032
1027
1075
1060
1010
1048
1077
1075
1038
1017
1027
1053
1040
1017
1020
1047
1008
1010
1025
1033
995
1008
1023
978
958
993
1023
975
952
985
1020
1008
988
1032
1037
1015
1048
1020
1017
1038
1017
1042
1038
1012
1038
1015
975
1012
1057
1030
1003
1030
977
928
972
968
913
985
972
930
977
958
922
960
982
957
987
1042
1063
1050
988
937
920
1030
1065
1072
1018
1033
1065
1065
1028
1023
1048
992
950
978
1023
1000
982
1020
1018
988
1033
1050
1027
1033
1035
1028
1003
997
972
935
943
985
1015
1037
990
938
943
913
860
852
832
837
