734
755
746
733
720
711
675
687
702
712
722
732
742
737
737
749
748
735
741
749
740
730
738
750
738
713
725
740
750
733
733
750
741
738
729
721
701
697
696
707
726
736
732
740
738
726
737
747
741
729
732
725
715
739
752
771
765
760
738
742
741
747
718
709
714
715
696
679
672
688
687
688
702
717
717
709
711
714
725
718
719
725
732
733
709
712
709
714
700
681
670
686
689
707
728
748
724
715
716
720
732
732
720
730
733
741
748
735
735
756
777
765
755
742
739
735
729
716
702
677
660
686
727
780
793
756
765
763
765
742
737
758
771
750
744
755
761
752
771
806
819
792
772
778
783
790
767
777
779
785
762
758
773
782
757
732
720
697
677
679
708
722
713
707
712
720
720
694
696
708
716
706
695
706
707
721
631
804
733
763
753
737
713
712
716
727
726
728
758
769
748
734
701
704
724
735
741
762
770
768
748
744
750
750
734
733
745
755
748
743
765
785
779
762
756
751
762
738
743
752
760
771
766
766
760
748
742
740
728
708
692
599
748
680
698
705
711
708
712
708
694
701
700
704
708
697
688
688
728
722
728
734
703
718
730
736
754
772
770
764
759
771
771
775
770
754
767
786
809
771
778
780
775
764
777
793
808
771
780
790
782
762
779
792
793
751
754
770
766
767
760
753
759
773
766
788
790
781
770
781
787
789
772
773
767
769
733
726
708
694
678
692
716
727
732
737
724
730
735
724
712
690
687
688
693
681
677
684
733
777
771
754
761
760
744
753
761
770
771
780
785
772
763
757
763
745
717
686
694
723
756
766
745
749
776
777
743
735
745
755
760
756
766
759
763
712
729
712
726
744
746
734
720
703
682
672
663
656
677
716
768
769
764
765
741
721
712
700
701
699
681
678
686
686
673
655
658
672
708
744
723
707
725
729
730
715
721
737
744
739
762
768
778
757
755
757
758
775
773
738
725
721
708
696
689
677
685
683
687
669
664
652
644
656
694
733
720
748
764
768
737
741
748
749
734
720
733
749
765
740
729
749
759
752
760
852
943
939
939
1041
1040
1040
1040

