923
1015
1008
967
935
1077
1038
965
933
1065
1060
978
980
1077
1082
1063
948
882
1008
1030
942
967
1053
1040
1018
1018
925
877
973
1030
970
865
922
983
992
933
942
1007
1027
973
897
972
982
952
885
963
1023
992
925
913
957
952
940
920
928
1052
970
893
898
805
792
925
925
995
1002
957
868
940
967
978
907
953
990
942
1018
1007
908
982
1003
915
857
963
1050
992
912
982
1015
977
937
987
1005
980
955
908
972
965
932
923
863
913
975
953
910
882
928
923
862
832
787
765
745
1025
935
840
847
892
898
930
847
888
922
927
888
825
902
925
930
855
875
957
912
915
895
862
892
980
968
958
907
953
965
962
905
965
977
1012
950
903
953
995
978
960
892
872
952
992
927
912
952
950
860
925
955
878
952
972
893
920
897
793
757
740
725
802
1218
1040
1053
973
912
857
828
798
778
997
1005
977
905
848
885
938
910
878
847
905
948
948
892
908
973
942
890
845
848
837
948
1012
977
913
860
890
920
962
898
905
948
992
960
928
890
842
888
978
980
983
968
932
925
937
948
945
850
940
992
983
882
837
807
865
883
935
1032
987
985
968
947
975
903
1008
972
940
913
897
827
822
985
965
892
880
952
930
940
920
862
892
945
965
865
788
758
765
883
863
985
968
967
943
850
855
1002
1008
890
893
925
883
935
970
992
938
953
990
962
818
830
1012
975
900
923
923
882
860
908
948
968
853
868
947
938
905
895
873
922
963
930
888
833
878
970
960
913
825
867
950
880
813
868
962
935
932
875
905
935
923
923
902
862
882
908
882
850
905
990
897
862
933
915
867
830
878
947
942
883
822
848
830
785
793
893
867
970
968
932
845
883
907
892
932
943
1012
983
877
930
982
920
923
965
933
907
955
913
872
908
930
952
893
