0
721
712
716
704
706
703
695
701
716
725
734
732
714
709
711
709
697
694
705
710
714
708
713
719
717
708
707
709
716
710
698
701
711
707
710
708
711
713
705
702
696
697
704
708
696
703
715
714
711
701
715
723
702
677
681
688
697
703
705
719
729
715
721
718
705
712
712
704
708
720
717
718
743
778
750
737
745
742
733
744
761
748
743
748
754
729
732
742
758
757
761
748
780
783
740
743
780
778
736
742
758
770
744
735
726
703
691
723
750
731
728
746
754
741
731
734
741
733
726
732
740
732
728
730
740
738
740
746
768
761
744
746
760
767
734
732
746
751
744
736
743
763
751
746
750
758
801
784
749
742
742
733
744
746
744
732
730
732
741
755
752
742
750
765
767
765
750
749
748
741
736
733
737
740
749
750
749
726
712
727
733
722
710
718
714
710
708
698
690
687
685
690
710
724
725
736
759
727
700
682
685
680
689
721
711
703
705
702
696
686
685
678
681
698
698
690
695
694
694
699
709
722
725
724
733
734
729
729
731
728
731
734
730
734
744
754
736
733
733
708
698
695
704
742
788
735
716
715
722
721
717
740
775
779
747
750
753
747
733
739
744
739
744
751
762
771
789
743
748
751
754
731
727
737
742
727
737
752
758
734
725
730
748
735
722
728
745
730
723
744
761
748
746
751
756
725
728
737
748
732
739
750
738
728
731
711
698
704
722
743
738
721
726
726
726
724
715
720
729
724
711
723
733
748
744
774
784
760
751
756
765
777
756
725
725
751
773
729
746
766
757
733
739
746
737
730
755
784
755
751
750
757
750
755
755
773
754
749
738
746
750
745
724
708
708
708
696
706
723
741
755
735
730
731
739
733
728
724
719
725
724
728
736
740
736
765
786
750
750
745
754
750
742
750
790
786
773
750
746
758
760
740
735
748
762
744
742
761
784
753
754
758
777
775
772
648
644
641
640
637
635
633
633
631
630
626
628
631
627
633
634
640
643
643
645
637
637
635
637
635
637
635
636
641
641
644
645
644
642
637
635
632
635
642
642
640
644
651
650
652
651
652
652
652
650
642
641
640
639
642
647
646
648
652
645
634
630
632
631
627
633
637
637
640
642
642
643
634
635
632
629
627
629
630
630
630
624
629
628
630
626
625
629
633
632
634
636
634
641
639
641
639
638
635
636
629
631
636
635
635
631
630
638
634
632
636
635
639
642
645
642
648
647
650
649
653
655
650
648
643
644
642
641
645
645
646
647
649
650
649
648
647
647
649
658
659
656
660
653
652
648
651
647
644
643
635
638
637
635
633
628
613
613
607
606
606
597
600
605
608
618
621
621
617
612
615
602
606
601
607
611
612
614
619
617
610
615
617
612
608
604
604
604
603
607
616
625
642
662
671
678
660
646
640
631
625
615
608
607
603
600
607
608
610
617
628
643
658
672
674
672
672
670
652
643
641
634
625
625
628
634
637
633
641
640
642
647
645
651
659
660
662
665
667
670
666
658
656
656
651
649
645
647
657
658
655
667
673
665
655
636
632
627
621
616
610
609
612
614
617
616
615
620
613
618
622
626
639
655
676
685
688
690
673
663
666
665
665
674
684
689
689
690
689
684
682
681
683
681
680
674
671
669
666
666
661
666
669
666
665
658
663
666
665
659
654
650
654
650
648
662
664
658
653
657
653
651
642
641
641
641
641
641
635
646
655
656
655
658
651
650
646
648
654
662
653
646
650
656
659
665
663
664
664
660
654
654
652
647
644
642
635
644
648
644
649
642
636
635
638
640
634
640
641
639
629
623
622
628
635
636
632
633
630
625
622
622
612
621
628
642
639
650
655
654
656
652
663
665
661
663
661
663
662
664
656
649
655
653
654
649
653
656
655
648
650
651
646
649
650
646
643
649
662
663
660
648
654
648
641
651
649
648
652
655
663
666
668
663
660
656
661
666
653
663
657
649
643
635
639
638
646
642
645
644
646
641
635
644
653
661
664
689
707
698
697
691
677
1007
632
626
628
618
615
611
609
611
607
602
602
605
606
606
605
612
613
623
627
630
639
635
629
634
631
636
639
641
640
650
646
642
643
640
642
642
648
648
649
649
651
650
650
648
650
644
643
639
637
636
630
633
634
628
620
615
613
619
617
618
612
603
602
600
592
593
600
603
606
613
615
610
614
609
613
609
614
615
613
614
615
623
629
637
634
632
634
631
631
626
625
631
634
629
623
625
634
642
640
636
645
647
646
644
645
651
650
645
643
644
644
642
638
636
646
643
645
646
651
649
643
642
638
636
634
636
641
641
641
639
650
655
657
654
647
653
650
645
636
636
643
636
635
634
632
632
632
622
626
629
625
627
625
629
633
636
633
627
620
623
623
620
618
617
621
623
624
622
620
622
626
628
626
623
628
623
627
625
624
625
626
629
627
627
626
628
625
625
623
620
616
613
616
620
622
621
628
625
628
627
620
625
625
626
623
622
630
636
631
638
642
644
643
637
628
625
625
625
620
617
618
616
615
610
612
621
620
618
620
622
629
627
624
619
622
626
625
621
615
613
614
612
614
610
614
618
619
613
616
615
624
630
634
635
646
647
635
632
636
634
629
627
632
638
641
635
634
631
634
626
632
635
625
621
611
618
629
633
631
632
635
642
635
637
638
633
630
625
624
626
625
629
630
629
630
630
622
615
625
628
628
638
637
640
646
642
634
638
634
631
627
621
622
622
621
627
638
650
649
650
645
645
648
649
637
635
633
626
626
624
626
625
621
619
623
622
625
617
626
626
625
627
627
625
622
623
618
618
617
616
621
621
617
616
618
625
628
630
630
643
647
639
636
635
638
632
633
625
622
625
628
627
625
633
633
635
634
629
638
636
631
630
629
634
637
632
635
641
640
639
632
637
643
637
631
631
642
649
650
656
660
661
654
647
644
643
642
642
642
650
651
648
648
643
645
651
654
658
659
653
650
651
652
646
644
637
638
642
638
638
642
645
637
635
631
628
629
635
636
632
629
626
625
622
622
621
618
621
619
621
618
618
622
622
615
615
611
601
608
615
620
616
628
630
632
627
619
620
622
621
621
617
620
625
625
625
630
629
637

