811
813
825
842
853
840
847
842
834
820
835
838
817
827
848
853
843
840
856
848
844
862
857
848
828
838
825
805
817
828
839
840
881
893
872
875
892
891
861
886
875
845
865
860
833
850
847
833
833
835
835
836
851
850
853
852
842
837
833
833
822
805
815
810
804
798
794
795
803
804
815
824
846
857
846
849
847
838
840
844
841
852
846
842
837
842
839
831
843
846
846
833
842
837
833
828
834
833
824
833
836
833
824
833
831
821
811
833
839
832
833
851
849
842
825
829
829
827
816
832
832
817
788
796
802
802
821
868
912
927
927
934
931
923
900
891
869
833
851
838
828
855
849
841
867
839
816
848
844
831
837
822
815
810
827
837
828
836
853
843
853
833
799
780
779
785
782
790
795
809
815
826
806
802
812
791
811
805
806
798
771
762
774
772
766
759
751
747
746
779
783
769
809
819
811
830
835
834
827
850
849
845
841
819
847
844
840
831
815
850
853
849
845
841
837
833
829
825
821
817
812
795
782
799
822
817
855
876
882
867
874
866
875
874
854
875
882
874
857
880
885
879
850
864
869
858
839
865
855
842
844
868
867
845
871
881
869
900
893
860
857
872
873
854
877
884
866
867
879
873
842
858
858
852
830
858
854
841
852
860
850
840
855
849
833
852
848
851
810
806
816
835
834
840
829
859
855
837
847
853
841
822
842
834
819
811
832
828
833
814
825
829
830
824
813
832
832
822
807
825
826
833
821
827
846
846
833
821
842
840
829
822
843
833
833
858
865
855
858
878
876
859
876
881
865
868
887
882
867
884
881
856
864
862
852
840
865
865
846
855
861
844
832
850
846
831
843
855
849
843
863
868
851
860
865
850
848
856
837
832
842
833
815
832
836
818
826
841
844
833
859
866
849
861
850
833
835
839
817
830
824
803
793
787
813
829

