845
873
853
837
823
812
790
793
853
855
825
783
782
760
760
770
777
797
792
795
777
743
737
720
730
728
710
725
722
727
735
740
737
738
725
740
738
750
743
737
717
715
682
680
725
753
755
735
725
712
683
683
728
793
817
812
807
780
758
760
747
765
762
725
705
725
858
832
822
808
807
803
803
813
858
863
833
828
825
823
822
823
825
825
820
810
802
803
795
813
830
817
815
802
787
765
790
822
822
802
780
753
755
755
773
802
810
787
790
757
742
748
763
767
797
815
822
807
770
758
748
768
777
787
822
825
820
778
778
762
753
752
760
788
822
820
803
770
760
743
752
770
765
763
778
785
797
788
790
768
770
760
763
755
755
738
722
702
722
815
808
792
773
775
780
787
782
785
785
797
805
807
795
783
767
755
738
738
745
738
730
725
707
728
743
752
755
735
737
727
725
718
730
758
758
757
752
745
735
735
737
745
765
778
770
765
748
730
737
750
763
772
748
747
753
760
750
740
737
747
765
782
813
778
785
752
740
787
775
780
750
752
765
773
778
805
792
783
763
757
752
775
772
768
760
733
727
708
683
675
730
792
795
762
727
698
708
730
755
772
823
827
825
822
790
772
760
750
752
767
783
797
827
795
785
770
760
753
765
780
797
802
805
798
782
772
770
777
787
785
802
815
785
778
765
772
768
785
825
823
797
788
768
747
743
760
777
815
805
808
773
772
743
747
767
772
798
800
780
760
740
745
743
750
740
760
778
788
793
755
738
733
722
720
725
738
762
783
785
773
742
743
725
720
712
725
752
755
760
742
723
722
717
720
715
727
725
703
683
717
788
768
772
770
765
770
773
787
795
810
825
838
850
850
832
820
803
795
787
792
788
798
803
812
815
802
805
802
818
823
823
818
813
807
798
800
800
798
808
815
802
802
795
793
780
780
787
788
792
775
760
762
760
762
777
782
785
770
757
750
752
758
760
768
777
790
793
798
772
