607
644
671
687
667
664
651
669
654
648
648
668
662
655
650
646
640
664
665
670
656
657
651
662
670
667
647
666
666
666
650
651
645
640
645
645
641
641
630
630
640
633
632
630
624
621
635
636
636
637
636
629
657
645
647
648
642
658
657
659
651
641
648
662
672
671
662
655
656
658
653
650
649
648
666
668
679
673
679
692
683
677
673
681
682
670
668
666
674
674
666
664
673
672
667
664
659
685
680
672
675
676
676
675
680
687
700
693
690
686
688
680
669
661
663
663
663
663
659
671
675
673
670
666
671
668
664
659
656
661
667
666
660
657
669
681
683
677
675
694
690
692
692
684
674
672
666
660
656
651
655
656
652
636
645
664
650
643
646
639
640
651
639
641
645
663
649
646
648
640
649
646
645
650
642
643
647
658
652
652
654
676
667
663
657
658
682
665
666
666
647
654
655
664
664
653
672
664
664
648
652
645
649
654
660
654
652
657
662
666
660
662
657
655
663
663
651
650
655
650
651
658
646
645
649
652
655
657
654
659
666
671
662
658
658
661
659
656
649
646
645
650
657
662
667
660
653
650
652
663
660
650
665
660
664
666
660
661
668
665
665
659
654
655
658
657
654
649
654
654
658
658
661
660
660
659
666
666
657
658
659
662
663
661
654
660
663
661
663
660
653
660
663
666
664
665
670
674
674
668
658
665
652
651
652
655
655
647
648
642
645
648
649
646
641
624
697
783
740
729
721
695
676
675
673
670
666
669
667
675
682
689
698
700
696
696
702
708
700
698
692
680
682
676
670
662
661
650
645
642
642
642
639
634
648
651
644
643
628
633
632
635
626
625
618
625
625
630
626
619
618
625
633
636
641
637
638
645
651
658
658
661
657
666
668
671
666
661
663
657
653
654
652
646
646
650
649
655
647
643
638
644
644
644
636
634
628
628
625
623
621
613
610
612
613
613
618
614
613
620
629
630
632
636
641
655
660
657
655
656
666
674
677
683
675
675
680
689
685
685
679
673
671
666
667
674
667
660
663
666
658
649
656
656
649
654
649
648
647
648
652
651
652
657
661
612
611
557
557
557
560
556
558
556
562
564
564
558
559
556
560
556
562
555
556
557
558
563
566
562
564
564
548
549
539
540
540
537
541
541
539
540
541
540
543
539
539
539
540
546
546
546
547
543
548
557
561
566
565
567
574
583
585
588
580
582
591
590
579
574
566
565
572
583
582
578
582
579
577
570
594
578
575
587
575
585
578
572
571
570
562
564
563
560
560
563
561
554
560
559
568
563
563
560
564
570
567
567
573
572
566
582
592
594
598
592
596
590
586
584
586
589
586
583
585
587
586
583
582
580
577
580
579
583
581
577
576
576
575
580
579
578
575
575
573
573
570
572
571
573
573
565
571
565
558
554
554
548
550
549
546
548
547
548
553
560
567
573
574
574
583
587
595
599
593
591
591
596
605
604
597
591
595
597
599
593
594
595
600
607
601
596
598
596
601
598
599
593
586
583
585
589
585
580
577
573
572
575
576
577
579
574
580
577
570
564
561
564
578
576
584
594
610
625
627
626
630
645
645
644
649
644
634
639
630
636
644
633
632
622
624
623
613
607
606
608
603
600
598
598
608
607
603
599
602
616
617
620
619
625
618
628
639
632
626
627
627
634
637
630
630
635
642
644
628
625
623
629
644
639
635
627
624
625
625
625
625
618
622
616
616
618
622
634
634
630
630
632
632
636
632
629
623
619
622
613
608
608
603
601
605
595
593
594
594
597
593
588
587
593
598
595
592
589
592
597
596
594
596
603
614
620
624
622
623
620
617
625
631
619
617
613
618
620
620
622
614
615
618
619
619
615
607
602
599
600
598
595
600
602
609
622
626
630
627
632
639
637
626
625
616
613
606
601
602
605
601
598
598
606
611
619
624
616
615
616
625
626
627
629
631
635
648
653
651
648
642
653
648
650
640
636
627
632
625
616
617
622
626
626
620
618
628
628
639
633
627
632
639
641
640
632
630
633
643
644
639
639
628
628
626
630
627
630
621
621
620
633
638
641
640
637
626
626
627
622
625
616
612
611
610
611
612
606
607
608
612
614
605
600
603
607
616
625
620
620
613
623
632
632
636
631
625
621
647
649
653
659
646
819
653
648
662
665
669
661
657
652
654
656
654
650
649
638
639
640
635
632
623
617
561
559
553
554
549
547
547
551
547
544
545
550
551
557
551
554
561
566
576
570
568
573
578
582
586
585
583
582
581
588
587
581
578
587
592
595
591
601
626
621
616
607
603
593
585
586
584
585
582
577
578
576
575
562
564
568
568
569
566
567
563
561
560
561
560
555
558
556
553
551
556
556
554
551
550
553
552
548
544
541
535
536
537
542
547
550
552
551
560
568
577
573
572
575
575
579
577
573
570
570
642
642
642
569
568
568
639
642
646
582
579
573
568
573
568
568
567
574
565
566
563
570
569
571
572
569
565
573
574
570
568
568
575
579
576
569
569
572
573
574
579
579
581
590
594
595
587
592
595
601
604
605
604
601
598
595
597
596
599
601
603
601
598
596
593
601
599
592
593
589
594
596
596
592
588
594
589
581
580
590
592
600
595
594
592
596
602
594
585
593
594
604
607
593
591
584
580
577
571
567
573
574
587
583
583
575
586
588
595
595
597
593
595
594
597
596
594
591
583
572
575
578
578
579
573
570
567
574
576
577
581
577
576
579
583
591
591
583
583
589
598
601
602
602
595
650
647
648
649
650
651
599
599
603
602
597
592
594
598
600
602
600
593
587
590
592
596
597
594
587
589
590
593
588
583
582
583
583
581
583
577
575
573
572
583
578
572
566
570
581
585
594
592
586
584
592
600
606
608
601
606
606
618
613
606
602
605
604
610
610
609
604
594
592
596
598
606
600
596
605
616
621
623
625
616
608
607
608
610
576
575
573
572
571
600
597
601
601
605
604
607
602
599
590
590
595
593
598
594
584
578
579
582
583
583
577
574
574
578
582
586
586
582
580
583
589
587
587
584
584
583
585
588
583
579
581
589
594
602
599
592
594
594
601
599
595
586
584
614
635
639
642
632
629
625
616
614
604
597
600
593
583
587
586
592
599
589
588
590
594
600
597
599
596
592
589
593
571
570
570
570
570
570
570
596
599
590
583
581
585
578
576
574
575
580
579
575
567
568
570
569
568
564
569
565
560
556
556
560
562
560
558
564
564
568
564
562
565
574
585
588
599
593
587
591
592
596
604
596
595
595
600
610
610
608
602
601
604
609
609
605
597
595
597
601
597
597
588
589
591
596
600
598
595
589
586
592
592
596
597
597
600
593
586
591
586
586
585
583
581
578
583
577
576
565
565
575
575
578

