
837
845
837
837
841
856
852
847
847
847
847
847
846
846
846
846
846
845
837
863
868
873
861
863
867
853
847
851
866
857
868
772
785
771
758
831
837
843
837
839
853
863
872
849
888
868
847
782
830
845
850
852
856
847
867
862
846
822
822
791
773
783
799
824
822
833
852
856
839
856
865
867
835
850
852
844
902
857
895
881
885
889
894
900
904
908
890
886
885
901
899
897
876
888
893
875
883
896
881
871
875
865
857
850
831
844
849
865
858
851
831
831
844
861
875
878
901
911
900
890
845
853
854
834
830
828
836
844
861
850
858
873
873
842
831
851
861
863
855
830
820
831
836
842
851
863
850
840
846
854
847
843
861
881
895
881
861
853
854
851
850
863
869
864
846
828
845
850
846
833
817
826
856
860
875
872
865
851
844
841
833
828
825
834
848
870
876
849
842
844
831
849
852
804
790
776
808
807
802
806
807
816
817
821
821
800
800
800
800
799
778
773
777
781
810
797
951
951
811
784
798
829
855
867
877
893
900
884
897
891
871
874
875
869
882
902
890
899
906
884
896
909
909
909
931
906
900
907
897
883
896
896
883
904
904
885
892
900
894
875
880
881
867
870
881
882
874
876
890
875
863
875
860
848
869
875
865
875
873
864
882
884
874
886
884
881
886
889
882
903
909
903
897
901
898
890
877
886
896
892
909
906
888
875
888
895
869
877
877
872
866
871
891
886
865
862
872
866
866
886
884
880
886
891
889
867
877
880
852
860
868
848
850
853
841
854
874
882
883
895
899
873
873
871
865
862
875
881
870
861
863
874
866
851
857
864
850
859
872
872
855
827
815
797
778
770
774
777
781
795
816
853
854
865
860
863
839
826
813
796
809
822
829
824
807
791
800
791
801
816
830
831
853
865
878
854
845
848
826
958
953
942
921
923
934
945
941
949
944
924
925
917
912
892
886
880
863
870
868
858
865
868
869
863
872
873
879
876
885
871
863
892
910
911
885
868
867
874
860
865
875
875
896
914
901
894
898
879
879
875
880
876
877
885
884
884
887
890
880
880
894
890
879
896
906
893
908
920
905
904
916
897
907
914
906
898
898
911
894
896
908
906
898
912
906
881
888
892
885
877
902
923
921
892
889
879
876
850
849
856
863
861
870
876
884
868
879
882
879
891
893
874
876
883
896
884
899
891
884
888
879
868
884
895
879
884
884
881
890
899
870
869
851
827
835
812
828
839
864
853
881
884
864
862
869
875
867
870
886
887
875
886
886
867
864
875
856
854
839
816
812
837
848
844
843
858
861
860
858
870
889
896
884
890
916
918
910
913
922
921
920
904
918
929
912
906
912
916
900
903
897
886
874
895
897
875
885
867
878
888
877
891
899
895
859
859
850
837
808
814
817
815
809
834
835
832
838
851
859
839
830
864
871
870
854
875
897
916
919
928
900
878
886
890
869
883
870
883
843
821
820
833
829
824
810
806
822
800
807
822
831
818
852
852
843
865
880
870
864
879
882
873
856
857
835
814
814
827
840
835
842
833
840
840
829
832
829
835
812
810
829
838
829
827
833
844
844
829
824
825
817
803
801
806
796
806
811
801
812
818
803
807
821
828
827
833
837
842
838
823
839
846
858
840
843
837
805
793
795
811
804
807
808
807
815
802
788
793
805
819
841
852
874
886
872
871
844
847
841
841
806
809
802
787
797
805
802
797
811
810
828
817
803
820
833
840
849
832
824
831
815
811
806
780
791
790
791
781
803
807
818
805
813
820
815
798
803
807
818
820
814
829
837
844
829
803
807
791
793
797
807
795
787
802
806
796
805
808
807
799
815
825
823
833
852
845
837
848
843
820
820
832
827
810
803
802
807
821
803
795
819
814
818
808
832
843
818
812
828
833
842
842
826
847
844
857
842
819
811
803
803
802
775
769
766
782
809
836
859
883
869
866
856
823
809
811
837
843
859
864
874
869
839
826
836
843
842
849
877
891
881
883
876
861
852
830
809
808
802
796
801
800
804
809
809
812
804
806
807
804
795
801
804
813
804
798
816
822
803
783
790
802
804
782
795
793
787
792
791
777
765
768
753
755
777
810
823
822
815
816
819
815
825
832
833
808
825
829
833
809
802
811
818
798
795
802
805
794
809
817
808
807
820
831
820
827
837
845
836
836
844
840
824
835
822
833
837
830
830
820
803
797
807
817
807
820
822
758
764
763
768
769
764
778
787
788
791
802
800
795
799
799
793
780
778
791
800
803
797
804
814
821
821
796
780
785
783
783
779
776
787
786
783
795
806
803
805
809
807
799
790
792
792
780
785
785
784
780
786
791
799
800
790
791
785
787
790
793
795
805
812
804
799
806
803
786
773
795
811
813
814
820
811
801
791
803
812
837
844
876
895
895
891
884
866
867
860
857
855
856
828
819
819
808
798
797
800
812
817
802
798
797
791
779
783
777
769
759
767
775
771
780
780
777
768
776
787
785
796
798
792
796
801
798
800
806
801
797
803
806
804
794
805
804
803
803
813
817
803
815
827
822
808
814
818
809
799
810
817
816
798
805
807
797
796
791
786
770
776
769
774
771
780
789
794
787
793
789
785
776
779
781
778
790
791
788
790
791
791
789
790
792
791
798
804
808
807
807
804
803
806
805
802
817
820
810
813
821
812
815
818
824
808
803
809
804
795
811
813
802
806
817
810
813
821
826
817
817
816
803
819
815
815
804
799
801
796
797
806
814
806
827
826
821
809
813
810
809
798
790
790
786
779
767
786
797
815
805
824
836
843
843
836
815
808
804
788
773
777
763
766
770
764
753
765
771
759
764
787
792
798
797
780
759
753
763
762
768
775
780
779
766
755
744
739
726
722
719
726
718
715
708
701
707
700
705
704
707
697
690
692
698
712
724
736
747
744
750
763
768
769
762
759
757
757
755
757
760
754
744
735
742
740
737
736
735
730
727
720
710
713
713
737
763
801
837
849
853
835
838
817
808
813
802
794
789
795
793
793
787
788
767
778
781
781
778
768
762
754
750
746
734
721
726
726
743
742
746
751
751
755
746
741

