790
780
773
792
805
808
819
844
807
787
756
747
730
715
710
695
691
697
700
708
721
727
716
749
772
786
816
842
861
872
875
864
875
895
889
884
881
853
848
851
855
851
846
815
822
833
845
848
833
843
856
862
846
853
855
851
838
843
847
851
838
839
854
849
848
857
850
856
870
876
866
869
881
866
854
871
873
856
857
860
843
836
851
852
849
854
860
848
839
847
829
827
828
835
839
845
844
853
854
860
869
875
890
888
902
895
899
907
905
882
885
899
907
884
875
876
876
864
871
865
862
854
868
847
844
848
829
812
826
842
842
843
866
859
847
826
848
860
858
861
857
836
822
838
859
876
890
875
846
855
876
881
888
876
879
887
874
850
835
820
825
823
814
809
791
783
784
790
820
856
875
900
913
916
922
929
930
933
922
937
929
920
933
921
909
894
906
906
879
886
894
891
872
884
890
869
873
884
897
888
893
903
898
889
901
911
904
916
921
918
908
916
924
909
895
901
901
890
889
902
905
897
916
907
875
868
864
851
855
825
797
775
770
783
799
838
847
857
853
833
810
799
795
781
770
755
755
760
775
750
764
761
782
817
844
848
858
851
852
844
852
824
827
855
874
880
886
888
871
879
890
896
893
880
892
904
887
885
892
871
869
882
896
889
890
912
903
895
916
919
909
895
907
915
900
894
897
897
882
894
913
908
890
898
909
894
891
896
905
888
901
908
896
884
895
900
888
891
894
889
874
888
906
894
881
880
882
881
881
883
876
842
845
842
837
826
842
861
875
858
865
863
861
871
871
868
871
868
866
864
851
863
878
874
876
908
923
926
919
915
916
906
902
880
872
862
734
738
728
716
706
695
694
692
686
672
674
675
672
681
692
704
725
749
744
763
788
807
798
792
780
781
783
766
775
783
790
778
787
806
809
792
785
776
769
761
746
743
723
704
682
677
669
675
691
715
723
705
716
733
744
767
759
744
765
775
784
791
790
772
778
785
797
782
805
823
821
820
814
770
761
771
793
786
797
821
827
832
821
824
837
855
871
875
845
821
825
829
814
796
804
800
808
808
795
787
787
792
795
792
785
795
802
805
796
788
797
789
774
773
794
804
805
789
780
784
781
763
756
773
789
802
794
799
806
791
786
786
764
765
752
753
748
741
742
713
690
697
718
749
765
756
797
827
848
840
845
855
858
831
832
831
817
791
789
799
796
793
781
804
790
767
768
769
769
772
754
748
741
740
723
708
711
722
741
761
758
755
787
812
824
800
803
797
797
799
802
813
823
804
786
798
806
800
842
857
874
854
869
879
880
839
819
819
804
774
770
767
770
793
816
794
780
780
789
795
773
747
759
766
762
752
769
788
793
768
745
744
757
767
777
762
762
795
817
832
807
815
833
842
810
803
810
813
817
792
802
806
810
787
782
796
802
782
781
813
837
833
819
837
827
808
791
789
791
794
774
766
768
775
766
763
783
796
787
760
770
766
762
758
779
795
812
804
816
822
830
808
800
809
813
806
800
807
815
817
806
801
803
803
784
750
737
737
736
739
743
735
728
725
737
747
753
761
769
752
773
795
819
838
830
856
865
872
838
841
839
835
827
810
815
814
818
803
789
808
817
806
784
805
809
801
782
787
791
796
783
784
795
797
789
786
793
788
771
777
791
802
793
775
791
802
808
800
809
815
814
796
792
802
804
787
778
798
800
792
782
798
795
791
795
769
769
771
777
770
763
786
787
740
746
744
747
754
752
733
732
734
729
723
732
742
729
718
724
728
717
699
703
701
699
683
684
668
656
656
669
681
682
694
708
718
734
717
726
737
727
718
710
718
729
726
711
721
725
731
729
729
746
753
748
738
739
734
728
703
702
702
702
691
675
678
674
675
675
679
693
708
716
704
713
715
780
710
724
732
716
709
710
716
701
682
686
685
686
684
683
690
691
695
685
701
709
723
723
709
612
613
615
715
718
713
751
744
745
747
750
753
755
757
730
717
718
719
710
697
696
701
702
689
692
696
699
699
701
708
713
719
712
718
716
719
713
713
714
715
717
708
717
722
721
708
714
709
714
702
701
707
710
705
695
708
709
717
717
730
750
762
750
731
732
731
737
718
711
705
705
701
682
687
691
689
683
686
701
717
722
711
717
726
731
716
746
741
736
731
726
682
688
694
707
709
701
709
714
713
697
702
694
686
677
679
682
696
702
712
731
740
733
726
731
734
725
720
725
732
746
726
735
739
740
731
713
710
704
700
683
795
780
795
810
728
724
723
747
741
729
735
740
734
724
711
716
718
716
710
715
723
733
730
725
722
726
717
706
711
712
722
720
725
729
730
729
721
715
721
716
705
704
707
707
697
710
719
719
709
710
718
717
710
690
694
694
698
691
695
705
712
708
698
708
711
726
730
714
728
730
724
708
716
716
709
705
708
707
701
699
701
708
711
700
710
706
699
693
678
688
691
696
681
683
687
693
690
674
689
699
697
686
699
709
708
694
706
717
716
696
705
711
708
702
717
725
735
726
715
731
742
744
736
723
711
709
710
705
711
725
737
720
718
722
712
697
697
698
689
682
678
677
665
662
663
680
692
693
692
707
724
733
729
730
729
727
733
740
752
744
758
777
773
774
779
789
786
782
797
789
788
767
785
787
795
777
789
786
791
774
770
775
777
772
768
779
780
773
750
750
756
756
761
761
771
762
749
753
756
747
749
761
768
768
769
765
768
763
756
757
742
728
727
727
732
725
712
715
721
734
730
712
723
728
734
722
708
724
730
730
704
704
704
701
694
689
697
712
708
699
706
710
723
718
706
713
714
719
708
722
729
732
722
711
716
720
707
689
687
688
678
666
665
682
705
719
717
736
748
745
737
712
718
713
717
709
709
724
730
728
702
709
725
724
723
698
693
709
734
746
748
722
724
739
744
741
725
738
749
749
740
736
748
752
765
755
751
755
756
743
722
726
735
729
722
707
714
717
722
711
698
701
706
694
679
687
698
708
712
702
717
728
735
719
716
720
713
700
682
669
670
680
696
712
724
725
711
711
721
730
731
725
722
722
731
732
722
714
716
721
730
733
725
732
737
746
752
735
739

