718
713
745
743
663
641
617
604
593
588
578
569
570
571
563
584
557
557
564
591
577
567
586
681
741
730
705
707
678
653
628
659
682
688
677
699
751
777
749
722
734
758
722
709
733
750
774
749
715
720
741
756
752
752
787
832
821
809
791
811
752
686
687
698
730
749
749
800
824
800
771
759
765
770
752
731
727
776
804
793
741
726
739
757
751
750
756
798
775
764
722
693
685
686
705
722
721
696
707
741
756
754
769
687
669
677
669
703
715
694
708
687
674
747
750
766
741
699
708
700
720
727
701
761
779
775
764
767
767
753
731
746
766
737
731
725
745
744
742
753
803
805
769
711
723
704
681
676
642
635
731
843
836
844
792
762
753
767
788
787
809
861
840
788
791
811
810
785
790
791
784
783
793
790
772
760
752
772
791
774
772
791
797
782
769
764
787
790
752
755
773
783
759
762
773
790
771
746
783
795
793
796
785
787
821
814
780
778
779
774
774
770
777
811
823
805
778
779
804
787
796
770
835
849
856
851
835
813
774
769
784
791
776
777
793
791
770
776
787
796
833
838
827
799
791
796
791
784
780
783
825
819
775
732
745
780
784
761
764
782
775
751
753
790
773
753
741
753
791
820
808
789
790
798
766
749
772
759
758
765
777
813
805
773
768
775
775
763
764
779
801
795
798
776
763
748
759
774
808
797
798
798
812
791
784
795
778
786
786
784
797
799
793
784
799
798
800
796
799
817
829
808
788
777
786
777
764
783
810
784
759
778
788
784
779
764
783
794
781
756
755
741
747
780
793
750
747
703
654
643
705
814
835
802
793
810
796
783
798
800
832
791
780
804
806
781
778
791
817
807
801
812
793
786
766
781
777
785
773
770
774
784
775
768
780
791
774
780
795
781
783
777
766
777
783
787
771
757
782
802
786
765
745
746
767
794
789
789
806
809
803

