872
887
900
888
937
958
908
945
940
903
912
933
892
943
983
970
928
962
963
912
937
912
890
908
950
890
908
940
912
913
928
945
903
913
952
965
925
870
900
912
875
863
910
923
890
920
892
900
913
872
885
912
868
873
903
895
862
885
923
870
870
900
920
897
883
912
905
873
883
930
925
887
898
930
913
875
910
898
893
903
928
890
903
922
898
880
858
857
865
877
872
862
888
880
847
837
868
838
858
890
888
892
907
907
868
885
863
887
858
883
875
875
870
887
887
873
873
862
865
868
883
895
893
890
902
915
898
878
857
855
845
857
845
850
903
902
890
865
893
902
880
852
863
870
857
810
803
817
830
855
870
880
867
882
902
907
855
873
868
883
898
900
897
863
882
835
853
840
852
867
867
878
867
845
868
857
848
853
837
832
847
857
830
823
870
845
850
852
850
858
828
823
823
822
830
847
815
810
812
817
842
852
875
860
858
875
905
892
860
835
882
893
868
867
902
913
850
872
853
843
860
863
878
848
868
892
917
890
892
