830
840
845
817
827
843
835
795
783
792
828
827
838
802
858
848
845
852
848
842
832
830
840
842
853
848
832
847
855
858
867
872
848
830
857
858
858
833
837
853
853
835
815
837
832
828
802
800
823
812
817
823
813
823
798
812
827
822
807
812
818
802
802
795
798
808
802
780
783
800
812
790
783
790
800
812
788
772
792
803
793
773
795
792
805
795
778
783
800
770
770
758
752
778
795
795
772
772
790
808
795
788
812
798
787
763
763
783
785
783
797
787
812
787
790
805
802
808
777
812
802
777
732
685
682
712
732
740
742
767
780
793
778
785
807
807
790
798
813
822
828
835
828
808
825
830
832
835
812
823
832
812
798
810
827
815
782
778
788
783
757
767
777
783
765
758
772
772
750
748
757
763
763
765
753
785
792
785
807
807
813
822
825
812
812
795
767
775
792
790
787
782
765
800
798
800
768
760
788
782
813
795
765
808
803
797
797
790
808
807
792
815
820
822
813
807
805
828
810
815
817
815
798
793
808
822
810
777
775
795
803
