672
686
696
691
707
712
721
718
714
703
697
700
698
706
714
727
739
742
755
745
763
741
720
708
727
746
768
791
794
784
767
761
777
788
786
788
792
804
832
832
828
838
838
829
820
787
821
823
817
815
811
808
815
805
795
781
802
802
802
803
796
778
805
812
801
798
791
801
807
809
795
799
818
812
812
797
798
821
832
808
802
802
790
811
811
811
801
799
811
810
807
796
782
799
804
787
784
768
769
780
790
792
783
778
790
792
788
777
776
778
779
775
759
750
760
747
716
706
711
733
742
750
757
751
760
752
759
768
770
776
775
772
770
770
786
801
796
791
788
795
809
809
800
796
792
810
803
810
800
796
813
825
819
816
808
813
819
814
817
770
772
759
748
735
716
711
727
751
772
786
791
797
781
772
764
765
768
768
773
777
772
758
761
781
794
799
802
794
800
818
822
833
826
823
811
797
767
766
798
821
853
850
852
837
835
834
821
821
817
816
808
829
839
843
838
833
813
821
832
832
821
821
823
809
811
803
798
802
815
822
818
810
807
804
814
813
805
799
798
792
800
805
808
804
797
797
817
815
823
807
805
813
820
811
806
801
804
809
815
811
810
802
796
799
801
791
806
786
787
792
795
791
792
784
789
792
785
775
765
760
769
771
773
777
771
779
776
784
783
780
767
769
771
778
779
791
785
785
791
792
791
790
791
796
791
798
789
786
779
779
786
792
784
774
783
788
797
785
792
796
790
771
760
755
744
724
711
708
714
729
745
757
766
773
778
773
772
773
788
785
784
775
769
773
791
797
792
788
774
777
774
772
772
763
765
776
785
791
793
795
804
813
811
803
804
797
796
797
802
796
794
797
810
813
799
792
802
794
801
803
798
796
792
810
816

