890
1006
887
971
939
872
847
842
865
869
881
964
997
999
954
957
1034
1040
1034
983
991
973
946
933
1014
1003
974
992
1039
955
971
1027
977
964
1002
1028
977
1010
1026
978
1013
1044
973
986
1049
992
1014
1063
977
984
1039
988
976
1058
1041
995
1073
1059
995
1027
1056
1009
1026
1062
957
967
955
947
987
968
916
957
988
972
1027
1010
983
1033
1019
983
1009
1028
980
1005
1029
1024
994
1042
1073
1019
1029
1052
991
975
1026
1020
989
1027
1060
1015
1019
1040
1014
1005
1038
1027
983
1023
1016
971
1004
1008
973
1021
1046
999
1046
1051
1000
1010
1047
991
990
1035
1037
995
1035
1041
1005
1014
1051
1022
1005
1029
1031
998
1017
1055
1003
1011
1046
1016
963
962
970
966
984
1013
997
1061
1100
1052
1019
1043
1023
1006
1048
1059
1039
1046
1084
1028
1039
1077
1065
1022
1061
1069
1022
1061
1081
1021
1024
1060
1024
1018
1049
1023
990
1025
1022
992
1021
1058
1000
991
1024
1028
986
1040
1031
984
1014
1028
1007
994
1035
1050
989
999
1046
1007
982
1013
1023
985
986
1000
972
967
1000
997
982
999
1007
979
958
992
993
967
1001
1039
1009
1003
1028
1017
995
1027
1039
989
991
1016
1016
976
994
1034
987
1004
1047
1016
990
1006
1010
977
1015
1018
1000
991
958
940
942
946
896
910
894
902
862
900
862
879
859
822
820
800
795
861
869
899
889
952
981
964
912
968
975
954
978
990
987
978
981
1000
997
1041
1029
1036
1035
1019
995
1061
1051
1069
1033
1029
1037
1017
1003
951
970
1002
941
966
943
966
965
908
938
951
968
965
998
1003
1008
952
990
941
929
891

