862
843
801
760
747
749
3999
917
739
725
719
710
697
685
701
686
673
688
691
695
691
1442
712
732
723
719
705
683
678
669
3999
1960
737
737
769
725
722
732
723
696
698
3303
673
679
675
672
672
692
3999
714
684
714
699
714
703
707
689
669
664
647
2311
713
751
730
684
679
666
3999
2401
639
653
657
660
670
677
674
668
660
666
1747
640
639
645
639
623
625
626
634
627
3313
659
1865
645
633
638
620
621
619
626
638
623
620
2844
628
953
622
628
1891
624
619
1397
666
680
671
650
657
642
635
639
642
636
639
654
656
1789
647
638
633
624
621
611
3999
3047
609
607
612
607
619
624
656
650
639
646
645
630
634
630
624
627
634
652
657
644
649
648
667
3999
2250
670
674
648
642
639
635
618
634
643
648
657
652
658
1805
658
641
629
625
638
647
646
639
635
3133
730
708
700
690
652
635
618
610
617
618
625
649
671
700
2445
666
659
652
646
626
620
3999
3176
615
604
628
676
708
693
690
678
679
675
667
666
658
643
642
646
647
649
649
647
646
666
671
3410
641
1370
660
671
646
657
655
645
660
660
649
645
640
634
637
625
622
619
615
617
625
624
626
635
646
641
634
3999
833
616
623
639
618
615
607
611
619
628
634
646
648
654
660
663
660
1920
625
617
3999
3623
649
655
640
638
644
632
626
633
649
645
639
645
636
625
630
629
623
620
641
653
664
665
663
656
644
3999
2209
669
720
720
705
683
674
669
651
643
657
646
640
647
650
638
637
644
640
673
689
695
696
684
686
680
678
681
1266
670
659
657
667
650
639
634
630
623
620
628
633
631
640
644
2161
611
608
608
606
609
1476
632
641
654
1330
651
658
639
637
646
634
647
648
646
640
654
2975
628
628
627
607
608
608
605
603
613
3840
622
606
609
614
598
599
598
598
600
624
638
634
647
654
642
648
632
630
629
619
610
606
629
653
654
668
687
708
695
713
