1068
1074
1041
1059
1110
1073
1052
1084
1067
983
912
891
966
1003
1012
1043
1042
1005
1016
1029
994
1004
1003
998
1002
1036
1030
1000
1025
1002
1003
974
985
992
997
952
978
977
948
967
1004
964
989
999
971
1005
1014
955
988
961
928
947
963
938
969
1007
991
1006
1056
999
993
1034
986
928
1009
1000
1054
1080
1007
1015
1004
1008
1019
1069
993
1010
1011
981
1000
983
937
979
1034
1018
1085
1069
1055
1065
1020
1007
1088
1120
1047
1026
976
969
971
995
974
974
1010
1055
1007
1012
1000
1015
1025
1015
1007
997
972
981
986
985
1009
990
1009
1122
1148
1077
1084
1048
1027
1080
1097
1060
1067
1044
1045
1113
1080
1082
1087
1037
1059
1091
1031
1092
1108
1056
1073
1105
1057
1000
1018
1056
1050
1025
1040
1026
994
1058
1112
1091
1124
1123
1071
1087
1087
1026
1047
1059
988
1019
1029
1070
1017
947
943
912
896
888
900
923
964
980
999
989
980
929
953
960
931
948
1025
1010
1040
986
1017
1031
1004
1041
1008
1000
991
1009
1001
1037
1045
1030
1021
992
1023
1000
990
1000
996
983
1088
1069
1041
1047
1075
1096
1129
1081
1090
1092
1027
1034
1136
1103
1136
1135
1113
1127
1130
1100
1096
1102
1069
1103
1088
1075
1128
1144
1073
1102
1101
1894
1077
1051
1063
1056
1080
1400
1003
1019
1073
1117
1073
1044
1053
1027
1003
1046
1066
1060
1081
1080
1026
1014
1011
992
1007
1007
982
1015
1069
1073
1117
1108
1079
1075
1104
1121
1070
1069
1045
1006
1061
1115
1095
1117
1139
1076
1073
1039
1000
1056
1070
1026
1046
1063
1046
1066
1112
1105
1041
1022
1007
1000
994
999
1090
1112
1095
1094
1118
1073
1073
1076
1048
1045
1068
1041
1000
1091
1116
1064
1129
1045
1033
1007
984
986
987
1002
1005
1088
1101
1016
1006
972
943
961
980
971
957
983
1005
970
970
982
976
1013
1038
1040
974
998
1013
1041
1023
1028
1055
1054
976
995
1008
1001
947
994
1005
999
995
1029
1027
982
942
978
966
935
955
992
980
950
953
963
956
924
954
949
923
932
950
952
930
940
941
918
926
936
932
915
927
968
928
924
943
920
902
945
978
1001
1021
1030
1019
977
998
1015
982
1017
1036
1041
1030
1076
1033
981
951
988
1013
1064
1008
1055
1047
1013
955
982
979
984
974
1021
1060
1076
1022
1031
1057
1044
1017
1019
1041
1080
1050
1013
1028
1076
1053
991
979
993
994
974
1058
1061
1024
965
987
1021
978
941
969
1014
960
940
989
1016
945
896
878
943
985
946
970
991
977
928
969
991
984
958
944
964
978
958
968
986
1000
985
995
1056
1065
1011
964
993
983
979
952
953
968
988
958
996
1014
1006
953
954
1002
1027
1021
953
987
996
997
990
966
1000
1037
1051
1035
977
979
930
933
965
992
994
1034
1032
1031
1032
1053
1002
988
951
912
953
1013
964
979
999
954
958
970
981
976
1039
1067
1087
1066
1041
1003
984
990
1002
952
948
985
995
936
954
961
928
940
956
964
968
1029
1031
1000
1010
1002
988
960
996
1003
1021
962
983
1038
968
971
1017
1038
993
950
1035
1010
1001
959
989
1016
1021
999
982
952
973
993
1002
976
949
966
959
957
921
971
1013
1038
1027
980
998
1001
986
959
954
1004
1019
972
985
990
945
903
926
984
1018
1027
994
1000
1000
1010
1005
984
954
1003
1015
1058
1013
1044
1040
991
937
957
979
1046
995
1000
1004
994
956
965
979
965
949
977
1011
997
1007
1001
951
936
931
932
894
928
947
958
940
970
979
921
935
937
919
901
938
953
972
956
974
987
932
909
948
953
937
913
940
992
977
920
936
940
923
902
935
964
918
955
985
935
935
952
957
915
944
966
967
916
918
952
983
974
980
984
967
920
960
1000
964
1001
1027
991
985
978
985
943
958
963
951
951
1010
1030
999
973
1006
1013
981
937
953
988
1033
1020
982
983
997
982
952
937
991
1034
1011
958
1003
1000
957
945
972
987
989
958
967
1020
1012
953
950
972
1008
996
974
976
990
1002
1008
951
955
992
1021
1035
969
1002
1015
1008
947
942
970
1014
974
1000
1035
992
1011
1022
978
965
991
995
947
962
1004
1045
1009
955
1012
1000
998
950
957
979
992
975
982
1025
1063
1041
1016
1007
993
938
928
935
953
981
939
963
959
944
906
908
916
961
924
944
977
971
982
976
946
923
959
972
916
947
985
951
952
929
978
952
924
933
962
974
959
970
976
921
900
922
942
910
951
1058
1092
1047
1047
1033
1017
966
961
972
958
943
981
1059
1053
1034
1045
1027
1000
1012
1005
945
939
960
1007
950
991
1029
1005
941
968
990
987
936
947
957
970
926
944
970
970
905
910
945
959
980
971
985
1020
957
968
996
985
926
959
982
1000
958
