569
985
931
995
1038
1003
1028
1005
993
950
927
909
897
890
875
903
846
872
936
940
998
1037
1004
985
958
945
909
884
910
926
908
938
958
987
953
959
970
971
981
1002
977
1001
1026
1052
1021
999
981
963
973
984
986
942
944
975
930
972
986
989
958
933
882
848
885
916
931
925
921
934
908
912
908
914
909
896
897
883
880
868
890
927
918
922
929
922
875
866
849
833
813
825
837
843
815
834
877
972
1014
996
966
904
833
791
791
838
886
939
978
981
997
996
991
967
963
936
929
990
875
870
854
844
850
850
859
858
879
837
1908
876
916
958
1001
2805
818
803
805
806
869
1870
1038
904
979
948
930
2395
912
925
876
894
901
922
906
913
898
896
883
891
915
935
945
947
935
923
904
897
894
881
855
827
817
820
833
821
858
857
835
787
800
808
805
809
844
871
909
939
931
910
900
875
862
841
831
817
806
798
828
856
838
871
872
875
863
849
860
860
852
865
891
879
858
831
839
875
850
867
867
896
880
880
864
865
829
820
824
832
811
819
833
844
832
814
826
826
848
837
854
848
837
822
841
836
848
829
827
815
819
814
793
790
790
814
784
771
785
795
791
762
799
796
791
819
810
818
790
800
788
776
759
750
749
756
753
764
785
806
877
912
941
956
941
932
916
893
854
874
888
898
881
878
882
1918
818
828
804
844
879
951
1006
1066
1060
995
983
948
919
858
843
856
842
875
904
917
966
978
954
966
962
950
921
914
913
910
893
888
878
1880
815
931
1002
1079
1097
1050
1010
999
972
913
880
852
866
852
848
868
886
871
852
825
814
790
807
829
827
899
953
952
967
957
950
931
884
889
877
870
873
874
877
871
828
825
825
828
837
835
868
860
909
939
961
953
976
967
955
928
935
928
917
899
906
916
893
926
921
885
922
927
894
930
939
908
852
864
873
909
939
965
960
946
924
929
949
953
925
916
923
931
906
922
927
898
911
930
909
945
961
969
935
966
966
959
945
900
875
876
865
895
924
965
892
878
845
814
799
833
865
868
896
920
918
841
804
805
867
886
958
992
996
962
960
956
936
917
925
910
930
925
906
915
937
1868
974
970
934
933
921
885
929
945
962
971
984
1021
1015
950
955
955
898
820
787
762
822
892
3999
744
855
848
845
905
909
918
939
944
961
954
2822
834
867
885
917
903
938
950
965
965
927
920
910
866
804
836
858
858
908
1048
1058
952
859
961
979
1021
1019
989
933
863
770
744
737
762
827
885
938
974
1010
1025
1032
1001
963
952
954
969
976
984
909
868
847
828
822
898
955
987
1008
1000
990
972
961
936
927
905
892
907
921
896
881
868
801
843
864
860
886
905
913
898
886
885
905
910
901
878
901
873
868
810
860
906
972
1000
1019
1022
1009
983
940
900
845
814
789
810
820
830
844
868
914
958
983
954
979
954
933
904
895
892
895
874
858
851
858
845
869
921
946
952
958
962
939
948
936
916
938
926
883
838
831
830
840
907
953
952
981
972
937
919
932
948
924
915
909
901
892
829
820
838
822
799
880
939
959
951
948
958
935
937
918
905
883
875
838
