1060
1060
1060
1060
1059
1059
991
992
991
991
991
991
991
893
897
923
916
940
910
933
922
938
912
917
899
927
859
843
808
803
808
819
872
869
875
900
864
903
924
918
936
895
928
894
919
917
916
907
910
916
880
887
853
864
986
936
956
986
1016
1036
991
881
860
839
818
797
891
867
858
858
859
852
830
833
872
900
892
917
887
913
883
911
877
907
881
879
890
875
868
851
909
870
889
884
887
907
875
918
888
905
911
899
925
887
925
951
934
960
927
933
936
944
931
918
929
899
920
915
923
923
922
952
948
952
944
927
937
907
919
943
903
936
931
929
932
895
905
860
850
838
844
838
832
829
807
824
819
834
827
839
813
847
882
921
947
965
970
933
943
908
908
907
871
891
871
875
888
877
899
868
879
881
877
894
865
872
877
869
893
898
889
919
879
909
914
890
902
865
868
880
858
893
890
883
900
869
898
904
888
917
877
897
902
879
906
879
875
889
852
888
898
900
918
888
912
940
910
922
925
902
915
883
882
894
873
910
899
900
913
903
906
888
894
889
881
900
885
920
882
886
896
862
894
875
876
893
875
898
896
881
896
867
884
883
881
901
887
891
904
892
910
885
900
885
883
900
877
891
912
904
926
884
915
920
923
920
911
946
909
905
915
899
921
900
927
916
906
918
890
919
889
897
899
899
919
881
901
918
901
923
896
915
888
908
917
929
922
920
952
909
928
906
899
898
899
913
880
913
901
916
908
916
924
886
914
874
874
886
854
880
894
877
902
882
877
891
859
889
905
887
916
890
907
931
912
921
903
891
895
874
909
908
883
900
874
904
921
929
964
942
955
958
945
944
919
942
920
935
958
926
948
960
956
952
923
932
950
939
940
891
914
903
906
935
916
913
930
921
937
914
905
896
875
874
886
864
867
876
890
884
836
811
831
812
758
801
794
774
763
789
778
777
803
803

