923
908
882
953
938
878
938
890
857
920
925
880
965
972
912
960
922
882
935
938
893
950
925
912
977
943
935
940
877
930
910
877
947
932
875
940
940
877
923
950
918
932
962
877
928
952
893
943
938
910
967
907
877
923
895
872
938
920
885
938
910
905
957
940
985
950
898
933
902
910
977
942
920
948
905
887
947
908
873
955
948
892
932
912
867
933
910
865
922
897
858
928
938
875
942
957
902
953
967
922
983
960
903
958
952
890
958
950
888
942
918
908
960
962
927
960
942
897
950
967
922
982
962
917
1000
980
922
963
918
938
990
915
920
955
917
918
937
880
928
965
898
958
980
915
985
973
922
967
958
893
938
937
872
933
935
890
937
908
880
937
932
887
940
932
885
940
913
875
937
918
865
923
927
888
945
917
928
957
890
910
940
895
948
953
937
982
900
940
937
870
922
908
870
943
882
853
903
863
860
907
888
858
908
910
865
918
902
872
908
943
892
898
903
860
892
908
857
887
917
867
917
913
863
910
900
857
910
887
882
913
845
865
895
857
913
912
888
927
895
875
922
858
882
913
855
883
902
870
932
920
865
923
877
865
925
870
878
907
858
907
908
872
925
897
870
907
893
873
927
887
882
932
910
867
917
902
865
900
895
868
918
908
885
932
888
932
948
872
900
928
868
917
908
855
908
902
868
940
892
892
925
873
912
938
872
897
867
847
913
880
868
917
882
865
912
860
910
922
863
898
885
885
943
865
878
908
848
885
885
842
892
902
868
923
872
878
932
895
907
933
872
902
897
877
942
913
878
937
927
867
915
900
862
930
903
870
928
888
908
897
885
928
898
940
960
935
973
920
927
972
912
947
950
903
928
885
943
957
887
957
912
905
950
888
940
932
897
955
905
948
947
875
917
923
875
923
910
892
933
883
928
930
872
928
917
868
925
885
867
920
877
898
925
875
945
935
917
948
935
883
923
905
903
965
893
915
922
880
940
927
895
957
915
930
928
870
915
900
862
907
895
862
935
882
902
912
865
917
917
873
945
883
898
930
878
907
947
885
915
923
880
923
918
902
975
933
915
977
910
975
943
870
895
875
885
895
877
908
890
878
895
877
885
917
887
902
915
870
900
890
875
912
873
905
913
875
908
905
892
913
915
913
948
902
915
920
888
907
892
890
918
902
898
920
885
885
910
877
892
902
870
900
900
890
930
907
928
915
900
925
888
892
900
860
893
890
880
920
890
905
915
885
910
877
868
903
888
902
917
892
943
912
918
910
885
925
910
905
940
890
905
903
863
905
897
865
907
883
925
930
892
940
945
918
965
942
945
965
923
962
943
908
948
933
917
930
893
937
922
902
940
913
938
940
937
968
907
907
917
890
945
923
922
965
915
968
965
938
958
915
948
942
920
963
938
943
980
945
935
952
910
940
928
893
947
943
927
985
935
993
967
918
955
950
928
972
960
945
983
938
967
957
932
962
933
947
963
918
940
947
903
963
943
908
952
913
913
947
913
1005
1045
970
927
953
900
935
952
912
963
942
928
967
920
945
960
917
955
952
932
962
925
918
948
893
913
918
883
932
915
893
945
917
927
958
927
940
963
913
937
957
932
972
948
948
1003
948
985
973
955
1005
930
925
950
880
928
952
878
932
945
875
905
898
855
925
907
858
910
888
857
938
878
907
920
870
930
613
152
250
282
