876
842
868
864
838
840
867
866
839
869
858
837
867
875
862
902
911
911
903
906
908
874
878
863
852
867
853
867
857
870
876
882
865
889
906
899
881
904
915
897
919
916
875
876
903
894
870
894
905
860
886
908
904
934
935
942
955
965
978
968
985
980
971
954
965
961
929
922
925
896
895
924
950
922
946
953
918
945
938
931
962
976
964
989
994
952
972
976
993
971
996
987
980
960
899
850
825
805
780
763
770
773
778
825
865
862
883
882
834
875
861
870
904
887
924
944
958
980
1011
1014
1024
1039
1045
1037
1024
972
989
1009
985
943
987
989
956
989
981
960
1002
1011
988
1023
1039
1039
1013
1023
1010
990
1029
1025
1026
1005
1021
1010
1004
1023
1024
1013
993
1007
1014
977
1000
1006
975
947
986
993
968
998
972
942
994
980
966
1000
1000
993
1026
1015
1000
1014
1018
1026
1006
1017
1024
1003
1008
1025
1005
975
992
1000
956
948
963
955
958
983
970
945
969
969
966
997
1011
1007
1020
1018
1014
994
997
1014
999
980
1005
1001
974
983
1001
976
948
974
966
944
968
969
944
969
970
951
973
967
955
979
983
961
982
992
957
964
959
954
976
977
969
958
975
971
950
922
916
903
920
933
942
923
959
978
960
970
974
958
944
956
959
943
960
968
963
954
961
966
951
960
968
946
955
975
962
942
958
952
938
964
970
947
958
967
948
939
959
915
876
906
910
901
911
895
876
907
906
876
883
890
888
909
918
911
926
936
944
945
947
927
931
929
916
920
926
919
885
826
884
915
918
909
787
781
768
761
763
757

