103
837
814
792
789
766
823
857
833
879
879
850
891
866
852
877
861
853
881
863
875
893
881
923
905
878
906
929
897
890
903
914
915
887
914
917
905
917
921
891
916
889
914
924
894
914
919
904
917
909
893
902
899
867
898
909
891
894
916
882
898
916
885
909
907
884
887
851
845
820
835
886
915
880
874
875
876
847
857
859
856
809
812
889
921
867
894
926
918
872
892
896
898
870
881
886
886
895
929
912
897
931
928
890
875
863
848
879
884
858
872
844
831
849
819
806
827
813
806
833
843
826
837
841
836
895
922
907
941
930
911
922
927
858
849
916
884
883
909
915
961
954
931
918
923
938
946
914
924
947
958
927
943
910
907
914
885
888
894
896
916
914
898
899
860
866
878
866
860
807
790
833
858
831
853
849
843
858
868
841
871
875
878
868
819
808
869
912
870
895
922
916
880
925
895
886
887
882
864
901
894
881
907
889
897
901
877
913
921
922
890
919
913
890
925
936
894
900
905
892
898
912
872
876
900
901
889
918
906
908
926
935
900
935
943
916
948
951
912
929
913
890
919
869
823
837
838
885
861
882
909
871
899
906
880
863
891
908
926
883
898
878
869
891
890
951
957
967
959
918
941
964
927
928
906
931
865
841
901
882
918
916
903
929
904
897
939
943
875
916
923
889
914
923
888
915
947
905
959
980
962
949
958
931
933
965
945
909
934
913
894
925
887
901
923
895
933
897
875
916
925
905
956
926
950
903
842
821
740
752
741
748
740
724
742
741
743
750
741

