973
978
943
935
948
952
963
945
922
933
950
962
957
928
923
913
912
913
882
872
885
917
952
988
1000
980
972
965
968
957
962
950
927
920
925
942
970
980
958
950
955
965
967
962
948
932
923
928
947
938
953
963
978
970
938
938
938
937
948
952
957
932
930
947
968
987
973
963
952
963
962
967
963
957
940
947
953
942
942
945
933
950
962
953
940
947
957
942
950
968
997
995
988
998
995
995
998
998
975
932
905
905
937
943
915
935
960
957
940
950
957
938
920
925
947
947
942
968
983
987
980
968
988
988
990
978
950
957
958
970
978
965
950
955
963
985
1002
1027
1037
1017
995
988
968
965
968
970
972
978
987
1002
980
925
892
885
892
893
940
967
970
1017
1042
1035
1033
1052
1045
1030
1018
1018
1008
1008
1007
1007
997
977
963
968
965
943
893
872
887
907
910
965
