973
972
999
1013
1001
939
960
983
992
1011
982
1019
978
916
871
905
960
985
1037
1052
1022
991
957
902
907
926
926
631
767
794
796
805
826
695
754
743
753
763
310
727
721
715
719
726
750
795
791
774
752
738
750
754
733
719
750
715
739
752
791
687
958
736
887
806
835
858
866
853
824
874
874
874
874
874
874
874
874
903
930
906
904
920
936
929
921
950
950
954
945
951
931
939
942
919
948
917
956
920
894
911
898
879
919
917
908
954
941
962
989
979
998
957
959
996
994
1043
1010
1038
1003
1011
970
992
1002
1001
1007
1023
1029
1042
1058
1039
1059
1030
1037
1019
1019
1010
1029
1025
1045
1023
1025
990
1001
993
1000
1003
1001
1005
1007
1019
1004
1007
988
979
979
988
1015
1037
1030
1042
1010
1009
989
998
1006
1008
977
988
1001
1022
1037
1051
1051
1028
1031
1047
1046
1044
1032
1033
1016
1033
1010
1022
997
1013
998
1018
990
1026
1005
1034
1026
1058
1006
1028
1005
1036
1023
1009
1035
998
1018
1033
1037
1040
1040
1028
1030
1008
1000
1009
988
1000
972
1015
975
1002
1025
1040
1085
1037
1039
1002
1012
983
1010
998
1039
1048
1060
1018
1046
1013
1003
1027
1037
1081
1074
1094
1044
1040
1019
1040
1060
1072
1092
1089
1096
1075
1069
1042
1020
1026
1020
1047
1031
1042
1014
938
886
908
1031
1066
1047
1065
1042
1027
1014
985
999
964
989
983
991
1040
1028
1064
1037
1047
1039
1216
1024
996
1000
971
1037
1007
969
927
980
999
1043
1041
1040
1047
1066
1070
1056
1104
1075
1101
1045
1057
1050
1051
1040
1039
1009
1032
1013
1046
1035
1058
1071
1079
1071
1062
1047
1065
1047
1062
1063
1094
1071
1086
1058
1073
1053
1052
1031
1050
1053
1077
1083
1095
1083
1085
1067
1018
1019
1053
1070
1061
1078
1087
1097
1081
1093
1074
1070
1078
1061
1065
1041
1030
1024
1076
1062
1074
1031
1049
1057
1039
1060
1043
1071
1039
1041
1006
1042
1012
1033

