941
965
977
997
988
946
975
979
979
945
987
970
971
919
857
845
827
793
823
821
820
788
787
779
776
752
769
767
777
789
786
804
791
775
791
785
1964
767
811
791
808
799
791
797
801
826
841
886
925
956
1006
1046
1055
1048
1053
1009
967
1013
953
941
948
964
990
1000
965
1009
1012
971
986
1037
1045
1011
1013
1018
1058
1041
1027
1055
1079
1063
1032
1041
980
969
993
1003
991
1036
1016
990
1036
998
982
1021
1027
993
1014
1031
1002
986
983
999
953
967
985
968
984
982
982
977
987
983
970
1015
1029
993
1016
1059
1029
1051
1058
1224
1223
1058
1003
979
989
1010
1016
1007
1045
1047
1061
993
989
1034
998
997
1038
1067
1011
1024
1047
1062
1014
1033
1053
1033
1465
1037
1009
1039
1048
996
1002
1041
1052
1000
935
905
899
862
851
842
827
860
927
961
984
1000
998
1002
1020
1014
1003
1042
1079
1096
1084
1025
1007
990
1000
963
950
969
992
990
975
948
951
960
957
988
1006
987
997
1039
1062
1054
1037
1042
1053
1059
1037
1009
1031
1034
1027
988
999
987
981
959
966
962
936
945
956
982
970
939
948
954
947
934
955
983
983
973
972
982
994
1009
1000
979
994
1021
1035
987
990
1006
995
975
995
1015
1024
974
974
1007
995
963
974
1000
1000
978
1019
1034
1027
989
1033
1036
995
1034
1037
1030
964
944
910
878
895
899
940
997
989
958
967
1012
1008
988
961
969
984
959
977
1006
1004
985
977
1013
1033
1021
1009
1013
1047
1008
1010
1047
1044
1009
990
1011
1005
1003
993
1019
1055
1009
998
1031
1028
1046
1064
1034
1013
1000
1022
1031
1008
994
973
987
1037
1048
1057
997
970
962
971
974
967
961
986
1000
966
958
961
968
992
999
1023
1019
980
933
905
934
971
958
946
952
967
982
1001
975
950
953
979
1021
1026
998
963
983
1011
994
981
963
985
995
960
948
970
995
981
965
1002
1023
1041
986
971
979
982
978
967
960
964
954
943
994
1012
988
992
989
970
938
927
923
919
911
921
930
906
910
920
950
981
973
1010
1048
1096
1081
1048
1038
1081
1067
1079
1028
1035
1041
1060
1047
1000
1056
1085
1091
1036
1061
1086
1088
1013
1010
1035
1040
1004
1043
1047
991
981
966
946
941
924
914
891
872
888
909
923
922
956
968
966
968

