866
863
854
867
860
863
862
861
859
864
852
740
935
831
820
814
806
810
806
802
799
800
799
805
799
806
818
821
831
839
846
854
868
875
882
883
885
878
889
885
887
877
889
885
887
884
884
886
876
881
885
887
879
885
889
877
875
869
873
872
865
869
869
874
868
867
865
868
854
861
864
851
854
851
846
852
848
859
860
865
865
862
862
867
867
863
862
857
860
855
846
850
843
838
847
849
854
849
857
863
867
870
873
872
874
868
865
872
867
871
868
862
854
849
851
849
856
851
853
852
851
857
848
860
854
849
850
845
854
857
851
853
862
860
859
865
856
864
859
851
859
855
844
853
852
850
855
857
855
855
845
845
845
840
849
853
851
858
871
875
869
873
876
874
874
869
867
868
872
868
868
874
868
876
877
863
871
873
867
866
868
865
873
870
864
871
871
867
858
871
874
878
872
883
891
879
878
875
868
865
861
860
869
868
858
852
873
863
860
866
864
867
869
869
868
869
867
872
876
889
881
893
888
883
879
880
875
875
874
870
869
867
861
863
858
856
858
856
860
864
862
865
860
865
864
856
859
862
856
865
875
875
869
862
872
866
867
867
864
870
858
858
849
846
844
838
846
847
849
852
847
846
845
853
841
852
845
849
847
852
850
849
843
848
850
846
840
847
843
835
837
844
847
842
847
846
842
856
855
857
842
846
846
844
838
835
832
833
832
819
821
818
814
804
811
815
823
828
837
848
859
854
867
868
871
864
867
867
866
868
869
866
865
859
859
863
856
859
853
864
859
858
862
856
856
849
858
854
847
843
835
832
837
840
845
844
851
852
851
864
864

