616
645
657
647
611
608
605
603
609
623
640
681
698
693
683
709
736
772
769
747
734
736
735
760
714
709
741
776
795
757
731
716
722
726
715
699
680
688
686
698
708
697
685
686
674
668
672
664
663
662
666
662
665
662
666
678
693
672
657
626
616
617
621
626
637
662
698
694
699
708
708
710
698
701
705
708
707
690
693
693
711
725
724
706
701
707
709
714
714
702
699
685
702
726
740
752
759
788
804
789
744
739
736
727
717
708
694
690
690
699
713
716
712
724
735
735
728
727
716
689
696
666
1841
667
687
682
673
691
705
721
724
707
686
655
685
1162
863
832
830
791
768
756
743
750
712
685
690
720
737
716
727
744
761
748
1388
765
748
757
2341
755
2792
754
731
713
717
721
740
734
2333
734
733
726
711
702
695
698
696
693
677
675
659
673
672
662
653
667
677
693
679
675
677
680
686
682
673
668
679
673
674
665
667
669
681
686
698
690
676
681
685
702
697
674
675
683
696
709
699
691
698
699
698
706
690
685
687
682
690
697
696
689
707
720
735
720
713
697
694
679
662
641
614
622
658
651
651
671
696
725
710
700
716
717
698
694
699
708
698
696
711
715
733
706
698
707
697
692
686
673
679
679
679
691
680
683
703
1381
703
701
709
698
686
691
685
695
698
688
694
710
712
712
704
687
692
687
687
679
671
655
655
688
685
694
699
697
685
666
645
651
641
637
618
639
659
662
661
673
692
689
667
646
652
678
688
693
701
741
790
772
732
722
718
717
3999
1390
722
1557
729
2234
739
735
1372
722
715
726
744
763
742
736
735
2432
709
723
728
708
711
712
718
722
707
721
720
724
718
702
708
708
708
701
692
701
701
708
728
713
708
717
720
737
729
718
727
732
729
714
708
713
708
711
696
703
695
710
710
701
708
729
725
712
704
717
721
736
720
700
706
708
721
750
742
738
725
735
733
735
729
711
703
703
696
697
714
694
688
691
687
704
727
730
715
705
717
720
728
741
726
704
708
707
707
705
689
675
666
657
666
692
701
682
703
717
721
716
708
713
722
728
716
701
713
708
711
697
701
690
695
679
670
680
694
720
722
712
720
730
736
737
713
718
716
715
709
695
694
697
695
699
688
684
690
695
717
728
712
704
702
709
719
727
726
711
709
715
731
724
714
708
712
706
704
700
700
709
700
698
694
684
669
643
666
696
686
679
672
677
1770
692
700
678
666
677
685
692
696
695
708
717
708
698
702
704
699
691
705
703
705
700
697
691
687
683
687
687
691
692
681
666
680
681
694
683
678
683
684
1847
685
693
709
700
704
705
707
716
1401
693
704
3999
14
712
722
734
707
717
717
721
722
710
703
711
710
730
735
726
1399
743
3999
700
703
692
704
694
708
708
709
1844
704
697
692
691
692
696
695
698
690
695
2431
684
682
683
692
695
683
676
680
676
682
666
1280
701
696
688
695
690
688
690
686
690
691
689
692
686
684
685
688
701
691
679
687
680
690
2743
697
3999
2630
701
1699
686
677
3999
3999
3999
362
672
671
670
2461
689
697
683
689
694
695
683
661
652
3168
674
697
705
690
685
693
696
712
710
704
711
715
726
714
699
707
700
707
704
694
704
702
714
704
704
699
699
706
711
699
701
703
713
710
703
703
715
720
718
708
692
691
697
691
693
698
692
692
692
700
714
692
687
687
686
693
693
684
696
702
714
720
715
703
696
698
