534
537
541
538
541
541
541
558
583
2710
690
708
3999
2094
757
751
3999
3999
3999
241
664
672
668
2946
677
698
720
741
743
738
717
699
2054
680
676
670
667
668
674
707
713
709
726
741
734
718
721
725
702
696
687
687
682
682
679
688
687
677
2423
672
668
671
2591
651
656
816
654
646
633
616
652
649
659
668
691
682
664
643
641
675
707
706
704
710
685
673
660
650
641
607
621
625
639
648
658
652
670
672
694
695
692
709
710
697
684
684
679
669
655
652
646
639
630
625
616
641
652
655
665
679
688
691
676
677
672
676
663
659
649
646
640
620
618
623
607
598
590
608
616
615
641
659
676
676
669
672
666
654
652
650
645
659
643
646
644
638
638
634
626
617
610
598
589
607
637
650
674
709
711
717
713
710
686
681
669
661
650
638
630
624
622
624
620
623
633
645
656
665
662
666
675
672
667
663
660
668
672
668
659
656
646
644
651
653
685
703
739
716
707
698
701
681
679
672
669
659
648
635
619
618
618
622
642
666
666
662
649
650
655
652
644
645
641
652
658
687
720
750
746
717
708
709
694
674
662
652
637
629
612
604
613
613
624
631
639
649
660
674
681
680
690
688
679
673
664
658
646
641
621
621
610
625
621
642
627
608
608
630
647
673
675
666
674
679
674
663
650
650
652
652
654
653
661
670
681
688
692
693
687
690
694
686
683
685
699
675
674
667
654
648
638
623
641
655
660
688
730
735
702
705
696
681
671
671
663
656
652
667
675
677
679
677
673
665
647
630
622
608
596
589
600
609
616
628
645
659
660
661
664
680
683
671
673
679
684
675
662
660
669
679
699
719
708
701
700
704
699
686
674
669
665
664
659
653
653
647
652
648
644
646
653
674
701
699
677
675
674
685
684
673
675
677
678
672
666
666
657
655
647
643
643
646
662
677
674
677
683
688
685
671
666
662
654
650
641
637
631
622
623
617
616
620
629
660
673
671
678
683
685
674
663
659
650
638
614
628
634
646
653
635
623
626
631
639
644
635
623
625
621
625
620
611
631
646
666
661
660
675
698
697
687
677
665
663
656
646
642
640
635
645
630
621
625
616
631
634
626
640
645
640
631
631
617
601
597
585
597
631
633
645
663
669
692
688
694
696
689
680
678
685
687
691
699
704
719
703
694
701
691
689
669
663
661
655
650
649
645
645
651
658
649
655
667
674
675
665
668
668
665
666
658
657
658
653
654
650
639
633
614
595
586
599
625
692
847
809
822
835
791
733
715
699
696
671
661
636
619
611
604
595
595
600
603
597
597
596
617
651
655
645
647
666
673
673
666
661
657
658
657
653
645
625
624
629
633
633
629
624
632
637
638
627
630
622
643
670
669
694
732
746
734
722
719
711
686
674
667
656
646
643
619
608
611
617
615
625
620
615
631
638
632
638
627
635
647
647
642
640
645
650
650
642
627
641
647
664
657
652
652
652
641
629
624
630
653
666
666
675
679
686
683
676
666
662
658
656
656
645
637
615
600
590
578
576
596
609
639
648
690
711
747
717
712
698
688
669
663
654
652
654
642
636
632
626
626
620
617
612
612
625
630
630
631
634
640
643
644
664
682
699
681
680
675
666
655
654
641
632
628
619
609
618
616
619
613
617
619
623
627
644
645
656
665
666
665
660
657
657
649
651
646
646
642
636
637
637
633
632
630
626
631
638
640
634
635
629
626
632
637
646
649
656
650
650
652
653
660
649
640
634
624
615
608
597
598
597
593
596
599
596
584
577
575
581
585
589
593
606
609
612
617
624
628
629
626
624
625
622
616
617
615
625
634
634
640
629
627
624
621
621
630
642
662
695
711
707
684
