856
858
858
831
805
714
713
774
757
738
717
706
696
692
657
666
680
694
708
722
735
749
754
763
758
782
771
767
779
772
768
768
773
768
771
778
771
784
783
788
787
776
785
795
798
791
785
773
752
770
766
776
787
785
802
807
808
798
801
803
844
868
887
907
933
943
938
920
913
884
875
867
854
851
850
853
852
848
833
819
801
773
771
768
761
759
771
778
789
798
809
811
790
801
783
782
762
770
767
760
755
759
763
762
750
766
759
760
765
770
784
773
772
752
768
772
770
777
763
774
775
794
825
833
833
814
828
820
820
827
815
800
791
765
738
728
737
748
767
789
810
824
826
824
819
817
791
799
785
780
775
776
782
786
796
798
812
814
819
811
807
797
799
797
800
800
784
796
783
785
787
798
790
811
818
815
817
803
794
791
769
783
779
772
795
791
807
791
819
826
821
805
814
815
814
817
816
812
796
822
820
822
826
813
817
809
803
805
810
804
809
815
817
808
806
799
790
775
766
759
750
740
749
735
728
718
708
704
696
703
715
740
760
775
781
789
793
794
798
809
814
795
793
789
776
773
776
778
761
770
769
770
766
762
765
757
757
754
752
758
756
754
775
772
774
757
782
773
771
767
767
773
779
795
802
815
820
823
831
816
820
826
828
826
814
823
821
816
811
804
793
785
777
770
769
774
779
776
777
777
771
775
771
771
777
779
775
776
781
774
776
778
773
785
784
778
788
786
781
783
788
797
794
782
798
783
791
778
774
782
769
778
792
791
806
825
829
802
788
772
746
729
726
731
747
762
778
794
816
824
835
830
839
838
834
841
833
824
809
810
815
821
812
816
808
811
800
809
805
801
811
819
810
818
821
820
813
812
819
827
827
812
817
825
819
830
843
845
850
835
833
805
820

