757
749
751
780
802
831
850
865
866
883
859
893
894
920
938
929
938
945
948
941
921
948
979
967
954
969
939
952
971
957
983
974
958
962
969
949
978
997
956
982
976
935
958
935
936
957
957
939
970
956
975
963
966
969
961
965
931
914
935
908
935
929
916
940
927
888
914
933
916
965
941
979
983
967
999
992
1006
1009
988
1002
1008
983
1007
1002
1028
1007
1012
975
982
964
932
902
901
903
875
919
949
952
935
964
994
962
927
909
931
951
960
983
991
1027
1074
1046
1034
1059
1028
1046
1048
1060
1037
1041
1071
1031
1059
1039
1043
1069
1051
1039
1055
1067
1042
1058
1023
1015
1019
1044
1013
1026
1017
987
1005
976
973
998
1020
995
1008
1016
990
1001
1006
986
1006
1012
988
987
928
904
945
1003
889
978
1005
983
1000
1019
1014
1024
999
982
996
999
973
989
982
995
1009
974
983
972
980
949
945
976
963
980
979
924
922
907
927
894
904
935
965
950
976
962
943
962
946
948
966
951
967
962
956
958
996
977
1032
1013
1015
1039
1071
1054
1037
1018
1023
1019
1031
1015
973
976
987
995
999
976
996
1022
1006
1007
1035
995
961
1004
1037
1048
1034
1027
1041
1002
996
999
985
977
986
971
979
1007
1032
1014
1024
1010
1000
999
996
988
978
948
964
961
970
975
985
984
1000
1005
1005
1028
1000
1007
1008
994
1037
1039
1046
995
969
944
932
911
907
944
951
984
1068
1000
1047
992
948
997
1030
1013
995
1026
1004
1005
1006
999
1039
1023
1013
970
978
1042
1058
1030
1041
1002
1041

