738
748
757
718
728
723
735
748
750
750
745
747
745
735
737
718
717
722
717
738
752
725
707
715
748
727
747
720
703
717
735
745
710
715
732
720
718
753
778
748
748
748
730
720
743
763
788
747
762
722
732
743
752
762
762
753
742
755
730
752
757
752
760
720
720
732
737
733
727
720
732
717
723
728
755
750
745
725
747
743
727
738
738
720
723
740
738
732
718
732
723
757
763
773
752
732
758
760
743
748
737
732
727
727
717
718
710
715
735
748
753
767
727
735
713
735
748
743
717
735
712
740
733
730
732
708
702
703
728
700
723
702
717
730
745
732
757
715
722
732
743
757
747
742
728
758
775
780
767
732
733
742
757
745
762
743
757
743
747
772
755
765
750
742
753
747
728
753
725
725
732
740
745
757
723
730
743
732
750
750
758
738
730
755
775
745
745
718
732
712
738
745
742
733
730
737
717
733
707
728
703
732
727
723
765
767
740
727
738
738
748
718
727
715
715
735
738
715
713
728
747
723
738
708
728
725
732
722
735
732
708
728
713
730
722
737
720
738
733
730
718
715
717
735
758
740
735
705
730
722
735
755
727
727
733
738
747
752
745
735
742
723
745
742
740
738
730
755
743
770
758
735
750
732
742
753
750
743
735
738
743
737
755
750
742
748
742
750
747
743
728
745
728
730
730
743
703
715
733
738
735
730
725
710
700
713
710
715
692
695
703
718
723
718
722
713
718
753
732
728
713
717
693
713
713
715
718
705
722
733
733
732
732
720
730
735
740
727
712
715
707
707
713
720
710
695
728
755
767
738
758
725
735
742
743
750
753
748
752
740
735
758
730
745
737
728
740
768
753
752
747
732
733
743
733
757
767
745
747
767
772
772
758
742
738
730
747
747
740
730
725
738
755
770
772
750
762
767
752
757
747
753
760
825
785
768
765
747
767
765
763
765
728
748
743
770
742
763
733
725
738
730
730
718
730
740
745
752
745
740
725
720
720
740
720
730
740
710
730
747
745
745
742
747
717
733
755
725
742
732
745
762
773
775
750
752
747
765
745
748
735
735
728
732
750
747
742
735
732
737
740
737
735
727
722
742
732
747
750
733
733
730
740
747
767
748
733
752
755
755
765
737
747
715
730
738
742
762
747
732
752
747
752
760
740
743
742
728
745
753
727
738
728
723
755
728
733
723
725
738
727
755
725
735
718
715
718
725
723
725
717
710
717
720
723
723
713
702
690
712
695
710
690
707
697
708
725
693
698
690
713
712
722
693
713
692
727
695
703
702
703
712
713
728
715
702
717
732
712
718
720
708
717
732
767
732
740
732
730
742
723
733
737
730
718
733
722
733
735
727
723
715
725
755
728
723
707
703
720
708
712
698
705
710
720
720
722
713
710
717
732
712
725
705
693
720
717
725
717
710
707
708
718
727
703
710
713
725
735
707
713
707
698
722
727
743
722
713
718
707
720
723
723
698
708
710
732
722
742
745
742
760
775
733
743
712
710
708
730
725
710
732
708
712
712
730
730
732
743
720
718
752
763
753
777
745
753
773
747
757
757
765
750
773
778
778
765
755
733
763
737
743
757
745
733
765
777
760
767
757
742
745
755
767
735
737
735
725
728
772
730
728
800
768
722
698
703
735
742
765
747
755
757
758
767
770
785
767
770
788
767
743
767
802
783
780
778
768
728
735
748
767
768
765
758
757
760
738
758
762
747
762
735
737
743
747
743
735
742
727
720
732
740
743
713
725
735
758
735
745
755
722
738
727
752
758
770
733
740
742
745
740
742
742
747
740
755
748
743
745
717
728
738
743
732
732
738
713
732
758
745
767
720
737
725
750
757
750
758
760
753
755
778
777
785
755
762
770
770
775
768
778
768
760
753
770
780
790
772
755
750
732
740
757
758
765
752
748
765
732
758
732
733
723
718
727
747
732
742
757
735
748
753
763
770
772
748
745
755
773
747
758
755
750
748
772
752
742
750
738
720
735
747
747
745
733
725
732
718
732
733
748
722
728
730
758
742
755
752
738
737
742
513
967
758
742
738
755
490
417
730
522
422
445
447
953
917
820
452
983
788
743
750
767
763
760
762
732
740
760
758
773
773
768
748
752
780
750
775
772
772
765
788
778
775
762
773
780
778
780
778
760
768
743
765
767
762
777
743
765
747
755
765
760
753
767
748
740
777
778
773
758
762
757
760
745
757
775
770
755
757
763
763
783
783
800
787
780
782
797
802
763
765
762
750
762
735
747
747
752
765
765
753
755
753
767
742
755
757
743
763
777
782
780
773
778
763
770
768
757
755
753
772
782
788
757
767
773
770
765
780
780
777
745
762
773
772
768
757
752
758
773
778
780
762
743
768
785
795
787
785
767
745
772
755
780
773
763
772
772
792
790
772
770
737
758
765
763
767
755
743
772
765
795
788
783
740
763
763
785
770
773
743
790
762
763
738
765
758
770
768
770
753
772
763
773
758
