903
872
887
908
912
882
870
837
803
807
815
828
818
785
792
823
858
865
870
860
852
823
830
847
832
863
890
883
852
875
863
843
860
853
845
863
847
852
845
815
795
803
833
862
867
835
840
827
758
783
752
790
772
747
735
732
732
787
817
823
872
895
840
855
870
897
912
920
912
887
892
897
892
878
885
900
898
893
893
867
877
893
902
898
893
877
892
895
892
893
897
897
905
912
920
902
892
898
895
867
823
817
788
793
823
803
833
840
848
865
872
870
862
855
855
828
818
850
882
880
883
865
862
823
793
815
837
845
830
875
863
860
843
838
810
812
837
855
855
843
828
843
835
827
808
785
782
772
753
762
773
820
828
810
818
830
830
832
837
828
833
823
813
833
847
835
827
847
830
823
805
833
837
820
835
852
857
850
840
843
845
842
838
837
832
832
830
795
767
752
750
758
743
742
733
728
725
710
715
717
750
778
763
785
825
847
845
868
872
867
875
867
867
868
868
867
872
853
805
765
763
785
807
797
823
813
800
822
815
823
815
833
830
838
845
840
848
857
842
822
837
848
820
805
825
797
792
797
772
775
747
752
752
752
750
748
787
778
813
815
817
845
845
830
840
822
820
838
823
827
837
828
842
842
837
817
800
800
800
795
777
795
798
778
783
805
803
785
792
805
782
780
788
773
772
778
768
777
788
787
778
793
797
797
820
805
807
812
795
815
807
798
825
802
793
793
765
748
742
747
752
748
785
783
832
843
838
857
870
880
878
880
857
878
880
852
842
852
835
817
840
843
817
830
828
810
823
827
812
810
825
822
813
833
843
833
863
872
875
883
868
863
862
857
867
858
820
845
842
813
795
810
