727
752
762
753
762
790
797
770
752
777
793
763
742
745
752
737
725
753
770
757
748
765
763
735
748
753
740
713
732
740
725
717
718
733
722
712
727
747
730
717
727
733
710
702
710
715
688
690
705
722
702
708
722
732
703
697
697
702
697
688
692
700
688
693
707
722
705
698
705
703
693
695
707
732
715
738
762
755
722
708
710
717
710
705
705
723
723
702
710
723
720
707
700
710
718
728
707
705
718
730
713
710
723
747
735
717
730
723
710
695
700
710
708
698
703
738
765
747
728
732
733
717
702
705
712
705
693
705
728
750
730
712
708
720
723
725
725
753
775
767
745
748
748
740
730
743
753
760
743
743
770
778
752
743
745
733
737
725
725
757
782
757
747
767
780
745
733
747
753
742
728
742
777
768
735
727
733
750
755
728
728
737
747
720
717
730
742
720
708
707
713
720
708
710
725
735
723
717
727
740
730
712
712
722
732
713
705
725
738
723
728
742
732
708
712
723
738
718
718
732
733
717
700
697
700
698
692
693
705
710
697
695
702
710
695
697
702
710
722
703
702
707
713
698
695
695
715
723
710
702
712
705
695
683
683
695
702
683
687
702
715
718
715
715
728
722
707
710
732
737
715
708
710
718
692
690
682
687
683
677
677
683
668
657
665
680
670
673
683
695
682
683
692
703
692
690
702
713
718
702
697
697
710
707
695
698
715
728
712
703
715
722
703
697
688
698
700
678
687
698
710
707
693
693
712
702
693
678
722
753
773
778
763
757
742
723
727
733
743
733
738
707
710
717
723
710
702
712
722
718
703
708
722
727
698
690
703
705
692
697
705
715
703
690
700
702
695
690
687
702
692
672
668
667
668
672
680
673
672
680
690
688
683
698
712
727
703
712
718
715
697
700
705
703
690
695
708
720
715
703
698
712
707
692
695
700
708
693
698
700
705
690
698
700
710
692
698
698
710
697
690
693
697
695
695
697
712
717
700
703
710
712
692
692
698
713
697
702
717
715
703
707
715
717
692
693
702
708
692
690
698
708
697
695
717
733
708
698
700
703
713
692
690
695
707
692
708
708
717
695
690
692
703
703
697
705
712
727
710
703
708
720
703
700
707
717
700
710
728
737
723
708
708
715
703
700
705
715
705
697
700
712
705
692
693
703
715
707
702
707
710
708
690
692
700
707
698
690
690
702
700
695
692
695
705
693
695
705
707
697
693
708
718
708
697
702
698
688
678
678
688
695
690
685
698
710
693
690
700
718
715
698
698
698
712
690
693
698
715
720
722
723
742
745
725
722
722
752
758
745
735
730
748
763
743
740
757
747
725
722
727
702
680
678
682
678
680
690
690
697
707
728
717
705
713
728
727
707
718
732
730
708
710
725
723
707
712
720
710
702
700
698
692
715
718
698
697
697
708
695
690
687
690
693
682
680
690
697
690
688
702
705
693
703
702
712
697
687
688
687
680
672
663
673
687
687
