892
857
846
842
822
782
796
765
756
749
735
745
758
788
829
847
856
818
822
869
915
891
883
934
965
943
895
912
910
897
872
872
917
955
961
892
885
879
916
926
909
958
974
959
904
844
795
833
925
976
997
1003
985
883
895
860
824
846
907
970
987
995
1016
949
915
874
859
837
840
782
822
898
927
909
840
835
831
858
887
924
935
897
870
899
881
892
942
951
930
954
941
910
884
859
861
843
1647
910
853
906
958
957
949
938
916
883
866
889
904
921
899
920
923
914
913
857
862
857
911
926
919
921
913
907
909
944
952
937
887
888
915
931
916
923
899
890
920
908
889
857
875
976
1007
968
909
888
863
804
801
878
941
965
975
969
956
949
946
935
969
972
930
900
911
956
970
921
936
969
960
973
943
943
942
962
954
963
973
981
1009
964
982
957
933
958
987
1000
1001
985
935
899
889
909
947
960
946
920
940
949
969
982
985
998
956
956
983
963
962
958
933
916
888
915
959
973
966
948
931
930
903
884
889
966
993
985
952
945
939
907
865
881
875
945
1010
1009
959
935
967
960
928
913
914
921
934
931
923
895
852
866
882
908
876
865
870
883
854
884
924
952
937
903
885
881
876
881
839
838
860
920
932
897
884
890
885
891
878
922
954
940
919
875
855
888
898
929
939
928
945
973
951
932
909
896
894
914
916
894
896
916
916
913
894
906
903
897
879
915
911
897
917
898
905
967
985
958
943
940
915
916
895
905
904
956
984
963
958
958
965
954
936
920
884
852
892
973
995
977
960
923
885
876
921
967
969
940
968
929
912
913
886
902
935
937
938
908
970
1000
957
933
885
895
926
940
966
953
959
930
902
904
928
946
969
957
953
951
910
905
933
958
1020
982
981
927
926
938
922
898
858
859
862
874
870
880
912
914
916
898
848
829
829
858
927
937
939
983
976
960
934
887
871
869
917
925
929
922
911
899
921
938
922
862
828
832
950
1068
1001
937
960
947
916
907
868
855
879
886
916
916
867
887
897
902
903
876
859
894
899
905
853
796
781
779
840
891
922
934
916
879
881
883
913
945
939
945
978
999
1000
986
948
922
934
972
955
960
957
928
912
927
936
984
1003
951
964
989
1009
1000
959
971
966
993
966
987
989
962
942
947
944
928
909
967
966
924
919
939
958
938
917
945
970
986
952
962
937
959
943
955
979
940
963
952
956
943
943
957
981
961
957
971
933
918
955
958
954
941
912
942
937
960
960
907
882
880
927
1054
1037
1029
1064
1056
1010
952
926
923
924
951
944
934
941
934
952
907
903
897
906
930
929
898
917
934
912
917
597
1057
893
891
922
945
917
898
918
928
911
902
889
903
916
893
935
925
915
874
881
886
916
913
908
904
905
933
944
933
909
891
890
914
932
904
916
937
950
923
895
889
912
933
917
921
953
942
929
894
900
913
914
901
923
932
942
909
898
904
903
887
883
895
920
905
893
909
914
903
884
889
899
903
892
885
893
880
856
875
1039
1074
1009
964
999
991
973
940
930
930
924
940
938
904
893
870
900
899
879
878
937
989
988
925
926
967
992
971
922
948
959
921
923
936
940
926
925
913
950
939
943
897
906
928
920
931
920
964
976
966
913
905
909
939
939
962
992
961
937
919
938
949
987
956
945
951
956
966
942
957
966
973
916
947
944
925
886
885
907
908
916
880
873
904
956
960
961
945
940
942
938
938
900
892
927
915
904
984
1064
1018
967
997
1041
1005
950
941
940
952
962
929
914
918
916
922
890
897
928
944
912
903
928
934
914
917
953
976
1000
969
971
977
940
934
940
932
949
969
949
920
952
991
958
951
965
972
932
920
942
986
932
957
952
970
937
940
935
939
927
963
979
945
917
912
948
996
954
978
1034
975
944
952
961
941
905
918
917
923
895
920
939
927
910
944
974
995
930
927
931
966
953
989
1006
968
938
915
921
952
978
976
960
970
970
965
934
908
896
916
972
956
922
904
983
992
974
936
919
923
869
835
830
836
867
906
877
900
908
906
858
805
780
784
797
799
839
882
929
914
856
870
874
883
906
977
972
926
889
837
837
938
1135
1084
1038
1012
991
990
985
990
964
953
889
908
1070
1102
994
914
929
908
991
1070
1014
975
1000
975
952
944
931
916
933
958
935
945
935
938
902
902
944
951
918
887
895
946
1138
1082
1067
1035
969
956
968
970
922
961
928
1667
1145
1108
996
999
979
954
941
923
900
957
936
963
945
884
891
886
896
