719
644
641
631
647
659
714
886
941
953
933
906
2649
741
766
803
814
826
839
835
841
828
791
773
748
721
710
699
700
721
739
723
722
727
759
742
752
764
788
814
813
774
767
750
749
749
750
750
740
731
722
717
708
709
716
690
693
693
707
752
784
815
813
772
758
742
731
741
726
701
707
708
734
1226
739
733
726
720
717
702
682
680
676
681
700
712
711
735
754
743
743
718
702
699
703
715
741
750
747
726
712
705
693
686
678
672
680
704
734
751
760
749
732
1856
730
734
732
724
702
680
679
685
728
822
828
789
806
815
818
811
791
755
743
721
691
698
696
725
747
759
786
777
748
731
734
735
752
784
774
765
735
735
729
724
726
741
750
713
708
710
716
726
742
721
699
691
691
680
672
665
669
686
713
736
742
1224
705
696
691
692
691
698
692
689
708
2076
778
768
797
822
865
840
772
756
746
755
773
766
732
737
752
748
745
745
738
738
731
712
704
703
694
689
677
677
703
737
794
820
781
761
769
790
799
797
764
3999
3999
309
723
756
762
742
725
723
721
734
739
717
709
707
701
707
699
3999
713
692
695
699
710
741
754
750
738
738
727
743
767
755
742
723
741
748
767
782
778
1223
789
758
726
484
743
725
711
711
697
689
676
667
676
692
717
765
766
759
3999
3531
704
686
961
793
783
757
738
707
679
658
642
630
624
621
619
521
622
628
659
729
832
851
789
770
765
765
794
791
745
752
744
750
747
735
707
719
710
719
744
740
739
737
717
722
732
1872
759
745
751
755
757
774
787
751
708
710
698
702
734
728
739
784
815
775
763
751
738
738
738
724
723
711
704
1892
713
762
801
1175
771
748
1359
722
731
735
742
754
758
731
736
752
781
805
795
778
799
817
833
823
782
1861
784
740
725
730
739
787
823
798
760
787
2657
732
741
744
750
756
738
722
741
751
744
742
725
710
715
715
728
733
734
730
708
700
701
710
741
754
755
733
733
735
737
750
747
750
726
714
706
708
715
737
733
722
731
764
793
800
768
735
735
722
2812
712
725
740
2070
744
767
763
1644
744
787
794
786
762
744
740
714
730
732
738
749
728
1878
687
666
652
651
669
680
694
723
739
743
736
725
715
703
693
683
677
673
683
690
705
709
705
684
697
700
703
725
752
778
775
761
733
2303
729
748
735
706
709
705
703
727
3963
690
673
656
655
651
3999
2063
733
745
745
762
773
3394
740
745
769
799
825
821
775
773
765
764
728
1663
811
776
782
767
765
745
733
726
724
717
705
716
727
743
746
750
748
715
699
700
712
723
724
728
699
685
695
699
756
783
797
785
789
791
793
770
746
723
704
685
666
653
642
641
641
654
682
692
710
748
805
815
754
773
781
766
728
726
721
733
734
724
710
714
713
720
724
707
729
753
783
796
780
750
731
711
709
722
735
734
784
799
817
804
776
781
780
772
774
752
769
772
773
785
771
762
776
792
798
755
765
760
785
781
736
745
730
746
746
744
746
753
751
724
732
738
736
736
743
727
729
888
732
709
690
671
666
666
702
767
818
813
795
775
745
733
738
748
759
769
750
738
721
690
1829
788
813
816
810
793
783
750
727
706
688
679
1886
708
742
780
2326
703
704
729
3388
796
755
728
694
680
684
686
721
751
751
747
753
758
745
730
721
713
710
695
690
