587
583
584
579
579
578
586
580
585
578
584
1951
582
582
583
592
597
3999
1586
683
1971
413
2422
713
3242
684
3999
3999
3999
3999
1164
621
623
657
695
486
935
692
684
689
690
693
703
724
750
750
781
717
706
727
740
744
735
702
687
685
454
975
688
687
706
718
714
708
697
436
1033
716
696
679
689
694
680
673
438
943
698
699
667
673
683
718
751
725
708
727
730
713
700
503
900
701
698
667
686
696
714
728
709
685
690
696
694
676
657
674
679
673
664
640
654
649
654
649
645
647
651
665
671
674
653
655
669
667
670
661
664
666
676
677
675
670
676
673
674
656
636
643
641
663
682
676
672
679
678
671
653
650
663
642
643
638
630
642
642
646
633
631
638
640
656
655
645
643
648
654
667
641
640
648
643
651
650
614
658
635
649
655
647
418
858
621
625
631
652
441
881
653
645
651
675
673
687
687
696
686
693
671
654
664
672
676
684
661
693
691
685
680
663
676
689
684
676
666
666
463
879
664
657
642
658
671
667
665
650
666
667
670
666
660
660
655
662
661
642
658
663
664
665
666
653
632
640
663
666
685
680
679
710
706
709
451
916
680
670
677
676
668
681
707
417
1964
660
674
687
704
703
688
690
2242
415
1824
663
663
672
660
641
3311
639
647
644
651
652
632
3999
658
646
642
637
639
1862
655
644
646
653
658
647
636
636
647
659
658
651
648
651
651
650
645
643
656
666
676
678
677
482
838
663
668
670
667
674
697
676
404
933
671
678
676
665
652
663
676
683
674
660
656
658
654
662
640
638
652
653
657
648
644
647
661
668
680
661
648
654
656
655
655
640
651
658
665
674
670
664
687
704
717
730
719
717
741
742
749
705
699
730
711
714
746
740
723
467
883
661
652
641
648
639
656
659
669
674
654
643
647
657
659
688
681
677
657
669
666
680
700
702
691
668
665
672
670
674
668
648
647
650
664
670
670
659
652
655
667
670
664
653
649
651
652
660
659
649
644
649
666
682
689
683
3999
273
669
667
405
912
3965
653
685
666
671
404
941
668
649
632
645
647
664
659
658
663
662
668
659
643
549
735
661
662
658
647
522
827
659
657
640
629
653
659
669
471
856
648
1856
650
658
664
669
666
1769
651
2932
679
3999
195
648
653
663
683
668
655
3999
3999
2383
655
666
665
655
643
657
667
668
660
652
1220
657
652
659
660
660
660
660
1223
676
658
655
651
648
647
649
638
636
497
784
637
630
629
642
457
2354
628
642
641
644
631
645
649
646
640
481
778
628
641
638
644
504
765
636
645
660
666
666
670
682
687
694
691
668
673
669
680
685
666
471
872
683
677
663
645
657
661
663
667
654
644
3999
1183
657
678
691
688
433
915
677
669
668
666
660
648
660
672
678
670
659
660
675
680
672
667
656
643
643
640
653
668
673
659
648
662
662
675
681
679
659
670
678
686
695
633
700
658
654
658
651
641
633
636
640
646
647
638
635
646
660
659
652
649
652
2414
665
656
659
669
671
686
1261
930
673
650
634
643
661
668
660
657
651
653
659
676
670
656
654
664
674
663
649
644
652
659
666
654
642
638
646
651
656
661
653
636
642
654
661
681
660
647
659
669
659
659
646
635
634
647
634
632
627
520
754
632
640
627
616
2749
656
642
641
644
650
652
658
666
675
1371
682
696
684
666
1226
708
1136
667
658
652
637
649
647
644
641
635
642
633
633
630
1332
611
616
621
627
614
622
634
3433
636
645
639
632
625
625
625
632
623
615
615
623
631
634
627
636
643
650
650
635
641
647
407
879
616
620
610
623
636
