661
665
698
707
727
688
665
639
642
661
687
651
651
642
651
665
677
681
659
652
652
649
664
662
634
625
622
625
642
680
646
645
628
640
659
464
904
634
625
624
626
634
633
638
632
625
632
669
708
697
679
671
686
695
720
695
655
648
651
708
719
713
683
671
667
665
685
698
686
673
676
706
705
713
682
666
664
683
680
680
651
637
640
648
664
482
833
626
635
645
659
691
650
647
656
686
696
414
1004
639
636
626
643
661
668
632
632
636
661
692
708
680
652
646
652
672
695
647
633
623
632
667
678
676
650
653
657
664
678
656
657
646
650
666
691
709
667
669
681
717
449
967
660
654
652
675
685
689
660
650
660
692
708
726
702
686
696
712
705
704
666
657
667
690
712
687
675
655
651
676
704
697
669
661
664
695
692
701
666
663
654
670
696
688
654
646
638
655
659
654
640
630
627
645
654
639
633
634
632
641
647
644
631
625
625
637
645
627
625
622
630
640
630
630
627
630
640
634
644
632
637
631
650
668
674
646
646
649
666
666
697
667
660
657
665
676
657
648
636
628
612
611
637
654
666
644
647
654
688
714
504
900
662
654
649
679
688
654
653
650
655
687
681
693
657
654
629
643
665
698
652
652
639
633
641
657
646
638
630
635
658
691
704
672
663
645
649
672
696
470
845
645
650
665
669
415
878
611
632
623
662
638
640
646
669
685
710
668
651
643
653
663
665
409
886
617
630
622
655
655
631
625
627
648
676
697
660
662
648
665
687
713
660
649
642
667
714
555
839
647
648
642
676
700
705
665
493
859
670
679
698
665
474
814
652
671
734
679
421
908
649
656
680
686
655
648
654
696
726
730
677
658
655
682
750
719
680
666
681
710
768
690
675
670
682
710
754
673
670
664
705
744
762
699
424
974
685
681
716
678
519
841
678
701
738
680
676
673
701
705
689
684
430
895
669
692
746
679
670
673
715
719
734
658
676
678
713
755
743
695
676
690
721
736
733
666
663
661
672
698
690
671
647
658
684
733
725
680
659
670
678
701
697
675
653
656
664
696
720
681
644
2157
920
633
654
656
738
722
686
658
689
720
767
761
705
697
738
763
700
687
688
704
723
739
701
1710
694
732
697
688
680
690
736
717
704
681
681
687
700
699
675
662
650
643
650
667
662
647
649
648
690
673
664
637
665
670
700
669
663
643
673
696
704
692
666
644
664
686
713
721
669
648
640
677
671
709
657
655
650
672
686
680
670
637
654
655
678
660
484
807
620
653
654
674
424
872
619
643
643
669
431
875
621
654
647
676
646
641
648
689
695
674
672
674
688
695
684
654
653
659
667
691
680
658
429
860
640
652
667
650
637
654
678
716
675
664
650
669
721
721
686
655
668
674
705
725
678
648
656
661
690
711
671
657
656
669
701
755
693
663
666
682
711
770
679
672
674
689
726
707
689
647
691
710
759
742
676
667
721
727
768
743
672
663
702
727
544
958
676
662
683
713
419
1054
666
657
677
712
745
726
688
670
737
786
912
782
709
684
708
747
821
709
695
692
701
757
775
759
711
708
711
756
762
748
722
707
705
711
759
694
692
694
708
750
734
724
710
708
715
712
691
682
666
675
715
742
762
719
421
1009
712
708
703
698
677
628
641
647
680
705
689
684
673
660
649
651
662
678
716
681
650
640
663
668
687
718
654
659
655
662
691
740
692
434
906
637
670
665
663
638
656
670
731
713
692
650
686
678
705
710
656
661
656
668
694
693
651
651
654
674
708
684
670
543
791
661
692
662
659
663
688
708
745
698
689
672
674
684
435
984
672
657
653
671
692
678
680
444
933
694
731
733
705
466
901
671
686
712
722
677
670
670
708
757
772
702
671
689
698
705
666
686
700
678
673
702
702
716
691
653
650
662
671
684
717
656
675
665
683
719
761
680
671
666
694
702
723
687
671
663
682
702
740
682
656
664
671
689
693
653
643
658
692
700
795
707
694
699
710
741
717
671
683
683
708
762
708
673
683
699
718
714
666
680
668
687
681
690
666
672
654
671
691
710
692
668
648
666
694
708
692
672
665
676
700
705
735
688
676
679
708
738
765
709
704
696
696
728
751
707
702
689
693
722
771
749
709
693
707
724
417
1106
712
690
681
684
724
713
714
458
958
701
