91
562
565
3999
3999
3999
2548
634
653
665
673
658
635
651
648
663
3365
700
672
648
661
398
950
672
657
634
645
669
681
702
660
654
660
669
3999
516
653
641
3999
3445
667
672
700
648
651
659
677
660
644
645
664
676
676
686
659
650
3999
3184
664
671
671
646
651
677
684
690
662
673
686
688
3763
646
643
1941
701
688
654
660
675
677
675
657
644
659
3999
3345
629
631
649
650
670
652
644
641
651
661
650
654
662
673
683
688
662
667
680
673
686
649
649
664
660
658
639
644
646
655
659
639
648
1297
652
633
631
647
2151
648
636
403
857
640
642
638
2165
658
641
662
665
669
680
661
638
660
649
658
487
858
632
657
652
697
407
1037
661
678
666
679
691
666
637
645
655
649
1358
645
3999
3999
754
673
655
664
655
661
681
684
646
642
654
662
686
723
702
667
666
684
691
437
989
663
664
666
658
663
667
651
673
677
1871
676
668
661
664
683
686
688
656
651
660
663
659
663
645
639
648
649
666
416
930
640
1199
666
639
641
653
658
666
676
667
639
641
646
649
655
671
667
513
787
644
646
653
666
644
641
648
657
650
688
655
674
676
520
823
635
668
654
650
647
630
648
647
663
675
662
633
652
656
666
655
640
633
644
638
639
633
635
614
616
618
613
610
612
614
609
596
604
607
615
609
614
631
684
714
691
659
690
684
690
666
646
658
657
678
697
684
662
650
666
677
696
706
696
659
673
666
673
688
703
677
644
663
663
416
1003
692
662
646
664
663
683
708
681
649
672
679
708
733
723
676
694
690
697
714
697
668
683
707
741
756
697
681
692
695
704
718
685
663
687
695
720
712
682
669
677
674
687
704
414
931
660
659
638
654
643
636
647
655
700
739
703
701
714
727
749
766
732
703
692
733
763
783
788
752
711
697
703
725
425
1051
683
667
679
693
711
707
677
437
901
664
688
688
674
650
677
693
704
715
688
663
681
691
696
693
670
655
648
649
673
669
690
655
648
648
654
667
682
693
658
650
650
660
667
686
706
674
646
662
654
672
695
705
669
665
668
666
683
712
672
659
668
665
678
662
652
666
668
677
677
664
640
646
654
658
409
957
641
422
885
645
644
633
632
629
637
645
684
667
660
673
692
715
735
709
666
659
665
665
437
950
664
466
863
651
652
668
659
462
818
646
669
691
700
675
680
702
740
766
732
431
1081
750
713
709
707
723
764
811
848
767
716
742
743
771
792
726
730
731
744
778
730
705
719
709
718
721
413
954
686
689
677
715
722
686
685
699
693
713
715
684
666
688
701
728
763
741
705
717
728
764
757
704
678
677
696
718
726
695
666
677
674
692
704
692
660
683
689
704
717
673
671
686
687
710
713
685
672
690
688
714
724
717
674
708
729
748
749
692
682
697
716
751
738
698
699
714
732
740
742
693
686
704
713
740
757
705
683
682
698
737
759
711
683
691
702
708
721
691
672
683
694
695
714
703
685
701
710
718
744
726
717
740
764
780
753
436
1011
726
716
685
668
669
679
693
592
854
725
713
683
719
476
1044
748
702
684
708
693
701
695
487
852
672
671
688
685
666
712
760
751
743
713
718
726
736
462
1014
687
674
684
693
689
658
659
671
692
724
746
700
680
707
728
742
743
700
681
685
684
701
742
723
673
662
677
695
725
727
700
670
703
712
750
761
709
714
723
735
737
693
696
709
707
715
715
694
667
644
646
664
701
482
1017
699
707
703
719
739
750
757
744
701
719
736
788
842
815
746
709
723
746
793
714
683
678
685
687
671
700
716
754
751
713
734
721
717
720
724
704
708
702
701
720
689
670
687
694
690
679
656
677
678
690
690
668
664
687
706
723
743
716
464
963
720
741
710
699
727
738
747
713
689
682
711
728
738
722
685
681
710
708
761
749
722
724
748
