507
713
710
711
718
708
704
701
686
682
679
678
667
652
652
660
666
677
680
685
685
699
699
700
694
691
690
703
709
713
712
717
733
734
732
725
719
724
723
719
729
743
749
725
714
705
699
705
708
704
704
718
733
1945
727
733
735
732
735
728
733
727
719
1244
734
722
721
734
733
731
723
715
718
720
725
723
717
711
724
726
731
718
2413
707
708
712
1959
701
696
692
694
704
708
1993
711
711
708
717
717
2903
700
699
695
696
698
694
685
689
691
689
687
686
689
694
691
687
1493
687
688
695
706
694
689
690
692
692
690
690
2736
711
710
702
704
701
689
674
654
644
645
650
651
650
643
639
633
625
613
607
612
613
614
621
630
634
643
645
658
667
670
671
672
677
689
683
688
693
692
682
680
677
683
689
697
691
688
691
691
688
681
680
687
694
694
694
1943
709
711
714
719
710
703
702
699
699
703
697
697
697
704
703
701
691
1977
672
1304
670
670
664
839
672
675
986
686
684
3999
835
676
674
672
673
677
678
676
679
681
696
706
701
704
706
1249
708
714
707
706
704
704
706
697
695
699
703
703
700
701
696
2713
655
646
645
644
649
655
655
656
652
654
651
646
644
637
644
644
648
648
647
659
666
673
682
682
685
689
2002
670
670
666
658
1456
636
626
625
1870
639
641
645
649
651
655
663
3999
915
691
2252
695
694
693
690
687
680
677
677
682
677
674
671
1470
647
633
1978
654
660
1957
659
659
655
659
659
660
663
662
666
673
3999
3189
679
1282
669
677
675
674
676
1957
685
690
701
1487
696
696
689
692
698
702
1938
709
706
712
717
728
730
717
1952
702
700
702
707
708
703
703
708
714
710
705
700
694
689
686
680
677
676
681
3999
440
706
702
694
686
680
671
676
678
3244
672
672
677
678
669
669
668
670
671
669
675
681
684
683
676
674
680
681
673
671
673
683
679
676
670
656
641
1974
646
643
639
627
624
628
1850
645
637
634
623
615
617
1824
653
659
1465
672
678
680
681
684
687
1962
699
766
685
1809
672
671
672
676
1451
675
679
1777
647
639
640
644
643
647
657
668
667
668
664
2901
672
1814
688
693
3999
1903
684
692
701
690
690
691
693
691
685
679
674
681
684
690
684
3999
1413
703
697
694
688
691
686
680
675
668
667
1795
658
654
655
658
654
650
655
663
668
2755
668
674
672
666
665
665
660
656
657
657
666
667
666
666
669
1973
682
2805
687
1422
685
1277
684
692
693
696
1767
714
3999
2353
684
687
681
3999
971
692
693
693
691
1992
692
691
695
1274
701
698
723
701
703
702
697
695
1310
708
701
699
704
709
3999
888
693
691
685
679
674
3999
3999
1601
682
681
682
1439
683
687
2971
668
672
676
686
688
682
687
690
691
687
680
674
677
683
3999
423
676
684
691
686
688
1470
700
706
702
1254
690
695
1445
674
674
3480
672
669
664
658
665
669
668
664
2906
687
688
3999
3888
680
676
1975
651
641
627
625
623
625
627
638
638
642
645
643
652
656
653
652
649
