985
585
578
570
564
559
553
554
551
550
548
3999
1355
639
638
637
637
641
656
656
653
650
644
639
636
642
645
645
640
635
630
635
647
651
651
648
653
647
657
652
2281
657
652
647
644
645
650
656
656
650
648
647
650
661
656
645
638
636
1973
650
649
648
657
656
651
648
645
644
642
642
646
641
633
629
626
635
631
630
624
622
621
617
622
624
624
625
625
623
621
619
619
623
623
622
623
617
617
618
616
616
616
617
614
611
615
623
625
627
626
626
631
624
619
621
618
614
618
619
623
619
613
612
610
608
612
614
370
617
1370
620
622
625
625
623
618
613
612
611
614
619
616
615
613
609
609
609
605
605
600
596
597
600
609
607
605
604
607
611
617
614
616
623
632
638
643
644
640
650
651
641
633
630
623
621
616
610
607
603
603
611
613
616
614
618
625
626
631
627
636
643
649
651
641
632
625
625
624
621
840
612
613
615
617
621
624
623
621
617
621
623
622
620
616
613
617
619
619
613
613
609
610
607
606
606
609
611
618
623
621
1389
627
635
632
634
628
623
627
626
626
621
616
617
619
623
618
619
615
612
615
615
3999
442
647
641
639
640
640
642
644
636
630
630
1935
622
618
618
619
610
599
596
594
597
601
604
605
607
604
597
595
591
595
595
594
596
593
590
590
598
602
604
610
613
617
625
635
646
643
649
647
650
647
644
641
642
641
641
633
628
626
631
634
631
630
625
623
628
630
630
629
625
627
627
637
642
646
642
633
631
632
632
632
1854
625
620
622
620
618
616
614
3999
3999
3999
836
619
622
622
618
612
605
611
607
605
603
602
601
601
599
596
594
595
594
594
592
592
590
589
595
597
602
607
607
609
615
617
615
612
611
614
614
618
613
609
607
613
611
605
597
595
593
596
600
602
601
598
600
608
607
609
607
608
610
617
621
620
1348
621
618
1988
617
1933
613
609
604
606
607
608
611
610
606
607
611
616
620
617
623
627
626
627
632
631
632
629
624
625
624
621
623
618
625
623
624
622
623
624
628
626
630
626
625
625
628
632
2978
637
637
633
2822
634
632
630
626
626
630
633
635
636
635
629
625
624
625
1368
613
612
609
610
613
3999
853
603
3999
3999
411
591
594
593
600
600
598
597
595
589
591
587
578
575
1388
578
577
575
3882
585
583
581
576
577
574
2478
578
579
584
600
601
601
598
595
595
601
608
606
609
610
607
609
613
617
614
614
615
611
621
624
627
626
862
623
621
622
620
618
1833
625
623
621
619
614
617
617
612
608
606
608
609
611
607
610
612
620
621
623
625
622
624
625
623
622
618
626
629
627
624
3999
892
609
1883
612
612
611
615
615
616
612
611
615
623
621
623
625
626
619
626
626
621
612
608
601
604
607
607
606
603
599
597
600
600
597
594
594
596
599
605
609
610
608
608
610
607
606
602
600
601
600
591
588
581
580
578
573
567
564
565
567
569
569
574
576
577
579
583
590
589
3999
3279
592
593
594
600
605
608
602
603
603
900
599
606
618
632
1972
614
609
607
879
578
574
571
572
579
583
587
590
589
591
594
599
601
604
602
608
609
607
603
609
1378
622
624
624
629
624
615
610
606
608
600
599
593
584
578
575
574
579
583
583
587
586
593
594
1842
604
608
599
1879
617
613
618
616
625
631
626
623
620
625
625
625
619
615
615
615
614
612
611
882
610
609
607
607
611
611
611
611
608
612
615
617
616
612
618
618
616
614
610
608
607
610
613
613
610
611
606
611
615
616
614
611
605
859
591
589
581
572
570
571
572
573
580
582
587
586
585
587
596
597
601
606
601
602
609
615
609
610
605
606
618
624
626
622
619
612
616
619
621
620
613
610
616
620
617
617
614
611
608
610
607
606
607
606
605
610
613
615
612
621
613
622
622
622
616
610
606
606
607
607
604
605
600
603
600
599
598
595
589
591
