685
696
698
696
690
693
700
698
685
677
674
668
677
681
679
684
686
706
710
708
698
701
716
709
708
696
693
700
702
701
695
691
685
700
706
695
695
687
693
703
686
683
681
693
705
701
699
700
712
723
715
714
710
720
728
724
715
715
715
720
718
709
707
710
712
702
689
689
688
695
692
686
680
682
686
679
679
678
689
707
706
701
697
702
708
708
706
702
704
712
709
703
697
702
717
712
709
703
699
702
708
707
705
708
713
721
711
706
698
699
701
705
707
706
702
701
719
707
696
686
681
679
687
691
689
681
675
683
687
686
679
684
682
683
688
685
683
686
682
683
677
668
665
663
662
653
655
653
641
630
636
635
639
642
647
655
658
653
652
650
653
652
655
660
665
670
667
673
678
677
677
674
666
666
665
668
674
675
672
664
665
645
636
631
637
636
640
640
638
641
644
642
638
638
633
639
641
643
647
654
658
650
629
625
635
647
654
653
662
666
677
679
669
667
668
662
656
655
655
659
655
655
661
682
692
678
677
676
682
691
696
706
710
720
731
723
717
711
710
699
699
697
694
694
696
692
681
679
1976
681
680
682
672
676
680
682
685
702
692
697
699
712
707
704
706
701
709
718
709
712
723
715
713
716
719
711
713
725
712
715
717
709
706
708
705
696
697
694
703
694
679
657
649
650
648
667
684
677
685
692
708
709
707
701
712
717
710
704
721
717
715
712
731
728
725
715
720
729
750
742
723
715
715
715
727
718
708
703
706
723
726
728
721
726
739
743
738
726
723
719
733
735
723
712
708
708
719
727
715
710
703
697
702
710
706
701
692
691
701
714
711
704
706
709
715
729
721
708
700
700
701
702
696
689
691
684
680
680
686
689
683
683
684
697
703
704
696
695
680
683
682
682
672
671
672
679
680
689
684
681
680
694
694
687
684
678
678
682
674
668
661
659
661
660
648
646
651
646
627
627
644
653
659
657
668
669
659
650
650
648
658
654
646
644
643
643
644
649
654
660
662
655
649
651
651
647
631
620
623
626
632
647
655
653
656
660
665
661
652
652
656
664
665
666
666
669
674
684
676
678
677
684
689
689
680
681
677
676
681
684
681
677
676
691
699
697
692
686
689
698
700
692
693
694
698
699
700
692
696
703
713
706
697
701
707
709
697
690
692
692
696
684
659
650
661
662
673
679
678
683
691
693
690
695
694
699
707
705
698
691
695
705
708
702
696
697
707
708
698
692
693
698
697
690
686
686
700
703
698
706
710
723
726
715
709
716
716
716
715
714
718
728
725
735
726
719
729
723
717
711
736
721
728
720
714
708
707
708
712
698
694
687
689
687
681
681
681
685
697
685
685
682
679
687
698
695
691
685
684
697
696
700
697
700
697
701
700
693
692
679
683
678
677
673
670
675
687
687
694
695
693
703
711
714
709
694
690
686
687
684
679
677
670
666
668
671
680
676
673
671
675
682
676
669
669
677
681
677
674
679
692
708
703
700
697
703
707
700
1378
680
686
686
679
675
670
671
674
683
687
687
686
691
699
702
698
692
689
687
703
687
691
692
692
688
671
668
663
642
637
646
655
666
676
675
672
672
670
677
676
679
671
670
668
677
685
684
686
682
691
689
697
696
693
690
697
708
701
697
693
695
696
708
709
703
698
699
703
718
713
704
698
697
701
702
702
699
690
681
684
689
694
699
702
708
704
703
706
706
693
693
691
689
687
692
697
696
699
690
680
681
685
680
683
688
688
687
691
693
688
676
671
672
671
676
668
664
665
666
670
683
694
695
695
696
694
692
702
709
709
708
702
693
694
705
706
706
707
704
694
695
700
703
703
695
695
694
691
688
680
677
673
677
689
687
678
672
675
684
683
687
685
685
687
703
701
722
704
700
700
704
707
700
695
696
699
712
735
730
725
714
710
708
706
703
696
695
703
710
710
701
694
692
692
700
690
685
681
680
685
692
691
694
688
697
702
713
708
709
702
703
711
715
721
726
710
709
712
716
715
711
703
694
691
695
686
684
691
700
719
721
723
720
712
711
718
728
722
715
716
721
711
715
709
702
702
705
704
693
693
689
698
689
689
681
676
675
675
669
663
665
673
677
687
691
682
686
689
683
681
682
678
673
678
680
685
693
694
691
686
681
681
690
692
692
687
684
687
692
697
694
689
683
685
692
693
693
691
694
709
706
699
695
702
696
696
690
685
687
684
689
695
700
696
705
704
711
708
707
702
691
693
699
699
696
698
699
703
704
694
695
696
697
708
702
693
689
697
695
689
686
688
693
694
695
696
690
676
658
655
661
665
673
680
681
679
676
678
686
676
671
672
673
680
679
682
683
687
696
709
722
721
713
717
718
736
735
733
725
720
723
727
726
717
712
709
715
713
709
709
705
702
708
725
724
722
721
722
722
718
718
711
707
712
730
726
715
715
710
706
720
724
720
712
707
715
711
709
706
700
696
701
708
710
705
697
699
696
705
706
717
707
706
705
725
723
727
721
711
713
723
720
730
724
713
708
711
708
704
708
706
706
709
728
729
720
715
708
716
726
729
731
725
722
724
730
732
726
717
715
713
715
713
708
701
694
696
698
704
706
712
710
712
726
738
732
722
718
727
739
734
737
721
714
721
727
728
719
725
720
726
728
726
724
708
705
708
723
727
731
722
713
716
727
733
723
723
713
708
717
716
721
718
713
716
710
736
739
727
728
717
709
706
709
702
1246
701
707
708
708
702
700
698
702
700
695
697
703
718
730
734
736
717
716
721
725
716
700
693
688
682
693
703
699
696
688
686
681
685
695
700
705
697
701
707
716
718
718
719
710
711
715
714
711
699
691
690
699
705
704
702
697
694
704
714
718
714
706
717
732
736
729
723
720
732
737
731
715
708
706
710
720
718
712
715
722
2458
721
720
712
712
720
720
713
707
706
712
717
716
707
699
699
702
704
702
697
699
695
708
709
704
698
695
691
698
706
708
704
697
702
708
733
740
738
728
730
734
741
747
748
731
736
729
733
726
724
724
712
706
707
708
708
709
695
692
703
710
712
708
707
709
722
728
725
724
717
715
723
717
724
717
710
718
715
700
689
683
680
680
692
689
693
698
699
711
717
707
701
706
708
716
712
