707
708
717
730
720
710
698
700
703
702
695
690
690
685
680
682
687
690
683
685
682
698
702
707
693
697
680
683
682
683
673
672
673
680
682
687
685
682
682
693
693
688
683
680
678
682
677
667
662
660
662
658
648
648
650
647
628
628
643
652
660
658
668
670
658
652
650
650
657
653
647
643
643
645
645
647
657
657
663
655
650
653
650
648
630
622
623
625
633
648
655
653
653
662
668
658
652
653
655
665
665
665
667
670
677
682
678
678
677
687
688
688
682
682
677
678
680
683
683
678
675
695
697
697
693
685
690
698
700
693
692
695
700
698
700
690
697
705
713
707
695
702
708
710
697
690
692
692
697
685
660
648
662
663
672
680
680
683
692
692
692
695
695
698
707
705
698
692
695
705
708
700
697
698
707
710
700
687
697
697
697
692
685
688
698
703
702
702
715
720
727
715
715
712
720
717
715
712
718
732
725
737
727
720
732
720
718
712
708
723
725
722
712
710
710
707
712
702
690
688
690
687
683
680
680
688
695
687
685
683
678
688
697
695
692
687
685
697
697
702
695
698
700
700
700
695
690
680
683
680
677
675
668
678
685
690
692
697
693
703
710
717
708
693
693
685
688
683
680
678
670
670
665
673
680
677
673
673
675
683
677
668
670
677
683
677
675
680
690
710
703
700
697
703
707
700
690
687
682
687
687
680
675
672
672
675
683
687
688
685
693
698
702
698
693
687
690
702
687
688
698
690
688
672
670
663
642
637
647
655
668
675
677
672
672
673
678
675
680
672
670
670
678
685
685
687
680
692
692
697
695
693
690
698
705
703
697
693
693
698
710
708
703
698
698
703
720
713
705
695
700
698
703
702
700
690
683
682
690
698
695
703
708
703
703
707
705
693
693
692
690
687
690
700
695
700
690
680
683
683
683
682
688
688
687
693
692
690
677
670
673
672
678
668
665
665
665
670
683
697
692
697
695
693
693
703
710
710
707
703
692
697
705
703
708
707
703
693
697
700
703
703
695
695
695
690
688
682
677
673
678
688
688
678
673
675
685
683
688
685
685
688
703
700
723
703
700
700
705
707
700
695
695
700
713
733
732
727
712
713
708
705
703
697
693
703
713
710
700
695
690
695
700
690
685
682
680
687
692
692
693
688
698
702
713
708
710
702
703
712
717
722
727
712
707
715
717
717
712
703
692
693
700
682
683
692
700
722
720
723
720
713
712
718
728
725
713
718
720
713
715
710
702
702
707
703
693
692
692
697
690
690
682
675
677
675
670
663
665
673
678
688
690
682
688
687
687
680
682
678
675
678
682
683
695
695
690
687
680
685
688
692
692
688
685
688
692
697
695
688
685
685
692
695
692
692
695
710
705
698
697
702
697
695
690
687
687
683
692
695
698
698
703
705
712
708
707
702
692
695
698
698
697
698
698
703
703
695
697
695
698
707
703
693
688
697
695
692
685
688
693
693
697
695
692
677
658
655
658
667
675
680
682
678
677
680
685
678
670
672
677
680
680
682
683
685
698
710
723
720
715
717
720
737
733
733
727
720
723
728
727
718
712
710
715
715
708
710
705
703
708
725
725
722
722
722
725
718
718
712
705
715
730
727
718
713
710
707
722
723
722
712
707
717
713
707
707
700
697
702
708
712
703
697
698
698
703
707
718
707
705
705
727
723
727
723
712
712
725
722
730
723
715
707
712
708
705
710
705
705
710
730
728
722
715
708
718
725
730
732
723
723
727
730
732
727
718
713
715
717
713
708
702
693
697
700
702
705
715
710
713
727
738
732
723
717
728
738
735
738
720
713
725
727
728
720
723
722
727
728
727
725
708
703
710
723
728
732
720
715
717
728
733
722
725
715
707
718
717
722
718
713
717
712
737
738
728
728
718
708
707
708
703
703
698
698
702
707
708
707
703
700
698
702
700
695
698
702
718
732
735
735
718
715
722
727
717
700
693
688
683
693
702
700
695
690
685
683
685
695
700
705
697
700
708
717
718
718
722
710
712
715
715
712
700
692
688
700
705
703
703
695
695
705
715
718
715
707
717
732
737
730
723
722
732
737
732
715
708
707
712
720
720
712
715
723
728
732
732
722
720
713
712
720
722
713
708
705
712
720
715
708
698
698
703
703
703
697
700
693
710
708
705
698
695
692
698
707
707
703
698
700
710
735
738
738
730
728
735
742
747
748
730
735
732
733
727
723
725
713
707
707
707
710
708
697
692
703
712
712
710
707
710
722
728
727
723
718
715
723
718
725
717
710
722
713
702
688
685
678
682
692
690
693
698
698
713
717
708
700
705
708
717
713
702
702
705
710
705
698
695
692
695
692
685
682
672
677
683
677
